peak_luminosity_non_evolved
3.371527930867809886e+00
3.454579371969441759e+00
3.144732284488099161e+00
3.580652473139032121e+00
3.711131197098757717e+00
3.186671373187713652e+00
3.075166050795608008e+00
3.086878925306334231e+00
3.359342086846653697e+00
3.706102617857166770e+00
3.365850456763363141e+00
3.499766465523659775e+00
3.709388114470507869e+00
3.423447663257761509e+00
3.463945965218087952e+00
3.709420480992084990e+00
3.300492523088133012e+00
3.166359074086474212e+00
3.664638436504361163e+00
3.455864888321474204e+00
3.589839241396947322e+00
3.710144444535711017e+00
3.675562685171635202e+00
3.495177024393490761e+00
3.090095361292306109e+00
3.696722162697451353e+00
3.598894420994559695e+00
2.988881561456217639e+00
3.710611447584190259e+00
3.429342062540782887e+00
2.887411566722652978e+00
3.709392832301699805e+00
3.611197294455482876e+00
3.494918513748014099e+00
3.498390651262425877e+00
3.709945052598764725e+00
3.327474230719610127e+00
3.394996698265548396e+00
3.104845822285771106e+00
3.236127054444053464e+00
2.909549131961091994e+00
3.386509360540895575e+00
3.682925273312497083e+00
3.502571519126350452e+00
3.539298524103928756e+00
3.640650555538839761e+00
3.484962768003667222e+00
3.190292974946645543e+00
3.704199019611212229e+00
3.623285320657518405e+00
