comoving_volume
3.379988668472575545e+08
3.379988668472575545e+08
3.379988668472575545e+08
3.379988668472575545e+08
3.379988668472575545e+08
3.379988668472575545e+08
3.379988668472575545e+08
3.379988668472575545e+08
3.379988668472575545e+08
3.379988668472575545e+08
3.379988668472575545e+08
3.379988668472575545e+08
3.379988668472575545e+08
3.379988668472575545e+08
3.379988668472575545e+08
3.379988668472575545e+08
3.379988668472575545e+08
3.379988668472575545e+08
3.379988668472575545e+08
3.379988668472575545e+08
3.379988668472575545e+08
3.379988668472575545e+08
3.379988668472575545e+08
3.379988668472575545e+08
3.379988668472575545e+08
3.379988668472575545e+08
3.379988668472575545e+08
3.379988668472575545e+08
3.379988668472575545e+08
3.379988668472575545e+08
3.379988668472575545e+08
3.379988668472575545e+08
3.379988668472575545e+08
3.379988668472575545e+08
3.379988668472575545e+08
3.379988668472575545e+08
3.379988668472575545e+08
3.379988668472575545e+08
3.379988668472575545e+08
3.379988668472575545e+08
3.379988668472575545e+08
3.379988668472575545e+08
3.379988668472575545e+08
3.379988668472575545e+08
3.379988668472575545e+08
3.379988668472575545e+08
3.379988668472575545e+08
3.379988668472575545e+08
3.379988668472575545e+08
3.379988668472575545e+08
