cos_tilt_1
9.495190663154716715e-01
7.830522728608317884e-01
6.756213162607304090e-01
7.341802519695259654e-01
9.471724627904432037e-01
8.953351003585321433e-01
9.611672092591087013e-01
7.844226619902729958e-01
9.994910704927492118e-01
9.483015296183744391e-01
9.959209707960170466e-01
6.899644988261069978e-01
9.988995328957874786e-01
8.300948749451801945e-01
8.776008326691197015e-01
8.931229378943263963e-01
9.535690298381113150e-01
9.744960041274044471e-01
8.782702227472096723e-01
6.270850233535899543e-01
6.856616611542341033e-01
9.956804377863167632e-01
9.920026478010399718e-01
9.998042447480705031e-01
6.953784511564317095e-01
7.487031419873696469e-01
9.912680409600730380e-01
6.856666614917297231e-01
9.976497857378349154e-01
8.422215563343501410e-01
8.154460611962769390e-01
6.385577833725561980e-01
8.905045662190885780e-01
7.070015453759375124e-01
9.996042484692807539e-01
6.772846902027058746e-01
9.343641279768610808e-01
9.009414988620847442e-01
9.990715666151758212e-01
9.987909419252976040e-01
9.964831330235838225e-01
9.189919571463259773e-01
5.410298446333308142e-01
6.758892035431487422e-01
6.859909569801768692e-01
9.990749517411261493e-01
8.758575003643791490e-01
8.132546027820196644e-01
9.618969426220473906e-01
6.712304026992201855e-01
