iota
2.636498042750936022e-01
5.325950215229038331e-01
4.488736003230437421e-01
8.870869741717364310e-01
2.201604372873832427e-01
6.704070988991883695e-02
8.081067272417843395e-01
1.412958234884378328e-01
8.431300031796803429e-01
9.262352470986659481e-02
8.077281766257321527e-01
7.629105525226631546e-01
1.430147252142087988e-01
4.378947085850904974e-01
1.943247913592131559e-01
8.499888249036430254e-01
4.548687781288602294e-01
7.764752689584564216e-01
5.551015441047563170e-01
8.659535273238518904e-01
7.955568785107079988e-01
9.236163417236693540e-01
7.336903535076270133e-01
2.596144484169916056e-01
8.018428315374361848e-01
5.869363626829048747e-02
5.972665981675547853e-01
2.001514767213899426e-01
7.855545468465288117e-01
8.539427798769342326e-01
5.765262645489624971e-01
7.293375625532979578e-01
8.894961125728202689e-02
3.910791448184751662e-01
7.472672852921270481e-01
7.300419526838680673e-01
1.439976096859862109e-01
5.426818634999320823e-01
3.888157941431459319e-01
3.927720244883889378e-01
9.257013782533897173e-01
8.871244950540243535e-01
2.557154163170120564e-01
7.495614009778855946e-01
2.622339364350375068e-01
1.407729451231779227e-01
5.137611363787100704e-02
1.394950130303296287e-01
2.026048892016222014e-01
6.955526203645423511e-01
