mass_1_source
5.375318091173951274e+01
1.301511766990141794e+01
4.995404324265933838e+01
5.910828543582866956e+01
5.752016459558279138e+01
4.520819543588537215e+01
3.943014634301489707e+01
3.782184629619594318e+01
4.145996277366414517e+01
2.780555721979033379e+01
4.742136288842036151e+01
5.081245140281986750e+01
2.383412844634346328e+01
2.605631046327557954e+01
2.660974208206908287e+01
4.787461975780209400e+01
4.359176866738731349e+01
3.859136353460110058e+01
5.330703452288014432e+01
1.160671202364705934e+01
2.613717991458217327e+01
6.303248466896658897e+01
1.702299777818950588e+01
5.817189575619698871e+01
4.760655733737258544e+01
3.080357175961862737e+01
3.436807703220392796e+01
3.999275350964541076e+01
5.347900892162877540e+01
3.136310779511439151e+01
1.313246764075659456e+01
5.775495656097890418e+01
1.162795699866619969e+01
5.125567270489177218e+01
5.536662206002517195e+01
5.009368442347521722e+01
2.453203904569154048e+01
9.443149871571115739e+00
3.787228340264501014e+01
3.132161683219743153e+01
2.933960220149342035e+01
1.106884816627476908e+01
3.570434605340101797e+01
6.086404024547659475e+01
4.303295073327074505e+01
3.149222011629712270e+01
1.754497717045761362e+01
4.686069998275818449e+01
4.057144949124959510e+01
5.917130678683860623e+01
