total_mass
9.861902554954552613e+01
2.442221101127168481e+01
8.722502680260780039e+01
1.158687440310281715e+02
1.264897248734014994e+02
7.959020115724138122e+01
6.796166859617176215e+01
6.532870271108913585e+01
7.583398149983310077e+01
5.974526211157414934e+01
8.687838126347945433e+01
9.668571183118760359e+01
5.170784370751674430e+01
4.846273276339765346e+01
5.007053186831626590e+01
1.038768167834306837e+02
7.862812158928143447e+01
6.766820381420438935e+01
1.093234173109021299e+02
2.178763049097240412e+01
5.143922136089142327e+01
1.372189425034155477e+02
3.521139184592595939e+01
1.105249433901646796e+02
8.227802050210554796e+01
6.513375332684051955e+01
6.791315124334397524e+01
6.789683579442521477e+01
1.167561877178907253e+02
5.842834879518402147e+01
2.192682123787408699e+01
1.253010077795472057e+02
2.311130795889057055e+01
9.737621915440558951e+01
1.053042780506965386e+02
1.089419177730361383e+02
4.452708230995001770e+01
1.742980046754240675e+01
6.563269203957908360e+01
5.570534193092590414e+01
4.916132946984919272e+01
2.038539494295934063e+01
7.434089419978425894e+01
1.159180116584312543e+02
8.300324905383115492e+01
6.358276627919088497e+01
3.322693711834641306e+01
8.255940290560852191e+01
8.682236256595854229e+01
1.183255450434752163e+02
