tilt_1
3.190970584141975541e-01
6.712380191408012786e-01
8.289891999288847568e-01
7.463378032369891724e-01
3.264944953806705463e-01
4.616133222332173824e-01
2.795952691185540351e-01
6.690315985377016661e-01
3.190525603462712745e-02
3.229556341470832814e-01
9.035270116837701426e-02
8.093563205857559062e-01
4.691841858884371330e-02
5.915185219817075124e-01
4.999618889387321685e-01
4.665555555558995593e-01
3.059241483838125442e-01
2.263322700639880392e-01
4.985637681769624630e-01
8.929909611083425292e-01
8.152840420040159408e-01
9.298038040764922130e-02
1.265546095372620528e-01
1.978694715965045869e-02
8.018499414738639031e-01
7.246927394558362323e-01
1.322474692778667915e-01
8.152771726350869219e-01
6.857310586617082482e-02
5.694056507709359671e-01
6.172969281511390127e-01
8.781735673167487821e-01
4.723433586645383597e-01
7.855469782356815367e-01
2.813459211315372244e-02
8.267306700441265921e-01
3.643260135245972586e-01
4.488620255849005147e-01
4.309471162827238633e-02
4.917930032422090925e-02
8.389195794668136141e-02
4.052801997056268979e-01
9.991351562562921229e-01
8.286257786607303943e-01
8.148315666602548024e-01
4.301606474591612717e-02
5.035864199278820008e-01
6.210728878723247304e-01
2.769386949693088962e-01
8.349288790166122798e-01
