chirp_mass_source
3.808807650144612467e+01
9.490554264827920861e+00
3.309645800853086683e+01
4.543717917818022300e+01
5.005258586928422915e+01
3.030159865524578322e+01
2.564049793614619688e+01
2.467106412584682573e+01
2.926128139533154382e+01
2.363339436359526502e+01
3.353933268172381332e+01
3.769620683637052849e+01
2.045861353359770618e+01
1.878964718110890786e+01
1.947092458466883969e+01
4.109976703545585508e+01
3.020363874464991127e+01
2.572073620545830508e+01
4.312232448407748819e+01
8.467545067984282525e+00
2.018462699264633287e+01
5.429454380106599842e+01
1.389948088423027528e+01
4.307759329758226130e+01
3.108015006810056136e+01
2.574843869198742041e+01
2.666593033820624470e+01
2.543038569461777954e+01
4.619934559245287176e+01
2.266332504818258897e+01
8.140200618075343897e+00
4.957634147357854459e+01
9.082426863592518274e+00
3.795210851349356318e+01
4.105236239181758151e+01
4.310535687443227459e+01
1.713970506244035263e+01
6.743488217768208948e+00
2.482259420650531112e+01
2.129141826763535050e+01
1.828664662769249105e+01
7.881987160935897130e+00
2.936044275770628431e+01
4.520373559366947802e+01
3.245372531306107078e+01
2.503848500747096395e+01
1.294075878710673777e+01
3.144112400498372395e+01
3.433981155413923858e+01
4.653959404564005808e+01
