symmetric_mass_ratio
2.400868452034775058e-01
2.425672349436581998e-01
2.331069127086326798e-01
2.462613442680366138e-01
2.499999533547989927e-01
2.344216440737885154e-01
2.309006620696446577e-01
2.312743959254455195e-01
2.397196376039923416e-01
2.498573870505935435e-01
2.399158663693057303e-01
2.439008964083542175e-01
2.499505482886324459e-01
2.416419606692288280e-01
2.428445857403398467e-01
2.499514657990147826e-01
2.379341354222572757e-01
2.337862973836622449e-01
2.486772652624479052e-01
2.426053281055476074e-01
2.465273148765695366e-01
2.499719870808436439e-01
2.489889778699905520e-01
2.437659411966024148e-01
2.313768634109503730e-01
2.495911219340623821e-01
2.467890604224099727e-01
2.281183184349679371e-01
2.499852233236198873e-01
2.418175589249309254e-01
2.247778584844411232e-01
2.499506820277181685e-01
2.471440257105058103e-01
2.437583362122085207e-01
2.438604515116392368e-01
2.499663354142260263e-01
2.387552803127974410e-01
2.407916676962696401e-01
2.318458845989572747e-01
2.359576456313584314e-01
2.255131638642388359e-01
2.405371332805759099e-01
2.491987397448351682e-01
2.439833256741248957e-01
2.450587689930148749e-01
2.479907736728912404e-01
2.434651827923887679e-01
2.345346470887304524e-01
2.498033867494231508e-01
2.474920599228187523e-01
