phi_12
3.185339287822264165e-01
9.777692736076393221e-01
9.764165742940587034e-01
7.333144993171772930e-01
6.371216286308994947e-01
8.235205516449387586e-01
5.654784146623665908e-01
5.376576529462346876e-01
6.023578195926511114e-01
3.144053207478292311e-01
2.804991419726440283e-01
9.893628277967470019e-02
6.555742562392314898e-01
4.954339488790273638e-01
6.128137476085671054e-02
4.441107526966251440e-01
4.328077318550705987e-01
2.456488419756803765e-01
3.260294152588649741e-01
1.947839164317417548e-01
8.840913884710668302e-01
1.891984050305002274e-01
7.552285911134367646e-01
6.089637720006882970e-01
2.242174793567668356e-01
3.847535761513335428e-01
5.945679401890847648e-01
8.602094595521997400e-01
5.657538946323903417e-02
6.556791099232829323e-01
4.959754106181353261e-01
3.237903751723525403e-01
3.475493912909026761e-01
9.000837863343492673e-01
3.610476104044649803e-01
1.268916879718121615e-01
4.208711853124079694e-01
5.900513332818647649e-01
9.783974538943208676e-01
3.926699629952367099e-01
6.194502081707577990e-01
9.529887965540885242e-01
8.741994381781306167e-01
5.576523337727000706e-01
1.586684510374402057e-01
7.456810786722378737e-02
5.595171348420719948e-01
7.068461969895468711e-01
2.687899536391066269e-01
2.498998274271180264e-02
