mass_2
3.949052654663205431e+01
1.010558157438012294e+01
3.227557923568252818e+01
5.084963005161662863e+01
6.321754381826042390e+01
2.986118617776747186e+01
2.458850761885536684e+01
2.372467178527359621e+01
3.022802244880252687e+01
2.915914916980478466e+01
3.471488208621705240e+01
4.079201528808573585e+01
2.549030241653892759e+01
1.980079125379451455e+01
2.079981557804027403e+01
5.121473504984837177e+01
3.067717605515538537e+01
2.521770392614316947e+01
5.068567933573396544e+01
9.020247264960639555e+00
2.268832345485103019e+01
6.788320936755229695e+01
1.648609428991750647e+01
4.653585805834799771e+01
2.991080743099569261e+01
3.124982439126002731e+01
3.010826650791964454e+01
2.390480693381526578e+01
5.792927790409907374e+01
2.392893022055818264e+01
7.481106833041833326e+00
6.177055556247039902e+01
1.032055526035775017e+01
4.099497917902463939e+01
4.440099378466884161e+01
5.383886490721339868e+01
1.754183935968932317e+01
7.042335608814179082e+00
2.397318029666956818e+01
2.125156341550872696e+01
1.688776704820643104e+01
8.209661960057093921e+00
3.506611354104312994e+01
4.896756738840699086e+01
3.566700324723333893e+01
2.894132415126404823e+01
1.392746223084303736e+01
3.101263292457450760e+01
4.219376812558398626e+01
5.323710757795274873e+01
