comoving_distance
4.321244883487780726e+02
4.321244883487780726e+02
4.321244883487780726e+02
4.321244883487780726e+02
4.321244883487780726e+02
4.321244883487780726e+02
4.321244883487780726e+02
4.321244883487780726e+02
4.321244883487780726e+02
4.321244883487780726e+02
4.321244883487780726e+02
4.321244883487780726e+02
4.321244883487780726e+02
4.321244883487780726e+02
4.321244883487780726e+02
4.321244883487780726e+02
4.321244883487780726e+02
4.321244883487780726e+02
4.321244883487780726e+02
4.321244883487780726e+02
4.321244883487780726e+02
4.321244883487780726e+02
4.321244883487780726e+02
4.321244883487780726e+02
4.321244883487780726e+02
4.321244883487780726e+02
4.321244883487780726e+02
4.321244883487780726e+02
4.321244883487780726e+02
4.321244883487780726e+02
4.321244883487780726e+02
4.321244883487780726e+02
4.321244883487780726e+02
4.321244883487780726e+02
4.321244883487780726e+02
4.321244883487780726e+02
4.321244883487780726e+02
4.321244883487780726e+02
4.321244883487780726e+02
4.321244883487780726e+02
4.321244883487780726e+02
4.321244883487780726e+02
4.321244883487780726e+02
4.321244883487780726e+02
4.321244883487780726e+02
4.321244883487780726e+02
4.321244883487780726e+02
4.321244883487780726e+02
4.321244883487780726e+02
4.321244883487780726e+02
