mass_1
5.912849900291347183e+01
1.431662943689156009e+01
5.494944756692527932e+01
6.501911397941154291e+01
6.327218105514107549e+01
4.972901497947391647e+01
4.337316097731638820e+01
4.160403092581554318e+01
4.560595905103056680e+01
3.058611294176936823e+01
5.216349917726240193e+01
5.589369654310186064e+01
2.621754129097781316e+01
2.866194150960313891e+01
2.927071629027599542e+01
5.266208173358230482e+01
4.795094553412604910e+01
4.245049988806121632e+01
5.863773797516816444e+01
1.276738322601176634e+01
2.875089790604039308e+01
6.933573313586325071e+01
1.872529755600845647e+01
6.398908533181668901e+01
5.236721307110985180e+01
3.388392893558049224e+01
3.780488473542432359e+01
4.399202886060995610e+01
5.882690981379165862e+01
3.449941857462583528e+01
1.444571440483225544e+01
6.353045221707679957e+01
1.279075269853282038e+01
5.638123997538095722e+01
6.090328426602769696e+01
5.510305286582273965e+01
2.698524295026069808e+01
1.038746485872822767e+01
4.165951174290951542e+01
3.445377851541717718e+01
3.227356242164276523e+01
1.217573298290224670e+01
3.927478065874112190e+01
6.695044427002426346e+01
4.733624580659782310e+01
3.464144212792683675e+01
1.929947488750337570e+01
5.154676998103401075e+01
4.462859444037455603e+01
6.508843746552247467e+01
