radiated_energy_non_evolved
4.015258679118971941e+00
1.013886911678429925e+00
3.360129890567435496e+00
4.950777116126047872e+00
5.563071880560258364e+00
3.098358324934622487e+00
2.572173875912497465e+00
2.479955386940311257e+00
3.078658355940333990e+00
2.624738588750147983e+00
3.532484244112140459e+00
4.055945799308688038e+00
2.273267920213470461e+00
1.997400066185832657e+00
2.083190189982310869e+00
4.566841059971309846e+00
3.147441313639646410e+00
2.620934687996843593e+00
4.759300515114475161e+00
9.047820535525303853e-01
2.202407986708401211e+00
6.033647927164651037e+00
1.536590422328391270e+00
4.631618946591544272e+00
3.125941629495713414e+00
2.855602379271267921e+00
2.913659809658483368e+00
2.512724751160845926e+00
5.134404367143872605e+00
2.411451738707029335e+00
7.897501982568932988e-01
5.508701084796214786e+00
9.942697749397950702e-01
4.080371013840505157e+00
4.416099166338426585e+00
4.790071670925044600e+00
1.793992480041012527e+00
7.135946417645033790e-01
2.502943986868537252e+00
2.195207000641069328e+00
1.781308889233521597e+00
8.329323322037467392e-01
3.249417661834002047e+00
4.865864701910837198e+00
3.513525502619572194e+00
2.753375709334456189e+00
1.389130877758024241e+00
3.216841224763442142e+00
3.812707896876261771e+00
5.104212748598698113e+00
