ra
4.410061220535114179e-01
3.132287457829341371e-03
3.705084297706885410e-01
2.483321126702786596e-02
6.811760056464958302e-01
2.978400906186231545e-01
1.275536679476561019e-01
9.622800892721934396e-01
8.947055744396656962e-01
5.890203488734042647e-01
4.394491661468117316e-01
7.309312365146728441e-01
8.589758799289435309e-01
1.340384128921932039e-01
3.908803571132213328e-03
1.253289326120659020e-01
3.139589934382694958e-01
3.867473626763773265e-02
2.912231278736208129e-01
8.700922896581261279e-01
2.423292252464290808e-01
8.124864307487146275e-01
5.340042893939971336e-01
6.215893397162933764e-01
8.589045669217407752e-01
6.057423402984259964e-01
5.457030130470067464e-01
6.034786592753244028e-01
9.352481913503573052e-01
1.036259202626376164e-01
3.033182741988407205e-01
1.757167334178699747e-01
5.090033575949123312e-01
3.748557321477308246e-01
9.954054432226816518e-01
6.242510047855668320e-01
1.780615437022803338e-02
2.564452562710458627e-01
6.372264871334440972e-01
7.121528016666713867e-01
3.233794308402644369e-01
6.412838943676136827e-01
8.837857589103718103e-01
2.674320684596954711e-01
7.940916025433855108e-01
8.787512362081759676e-01
2.857041901162566955e-01
5.126309313294982184e-01
3.846976957123018348e-01
5.370977842178068506e-01
