psi
9.640792451783762873e-01
4.389516267467820088e-01
8.417136574465668986e-01
8.088307025622911706e-01
8.544073566273735487e-02
9.471990743671517832e-01
3.803031304256005996e-01
9.782239766028444361e-02
2.829595316807853589e-01
3.030465846818108933e-02
8.853302668097648986e-01
5.532265690985725959e-01
4.612858772956585085e-05
1.771452329830702777e-02
4.484689538155817168e-02
5.590083792901106019e-01
3.262089855858962828e-03
4.678622980333775327e-01
4.336005590881563121e-01
2.410795416802502533e-01
5.540027965092161333e-01
6.376294539143039231e-01
6.295520364410689407e-02
1.877875901197786357e-01
7.244871907367486097e-01
3.962494187975977855e-01
7.261163148982475724e-01
9.966009942871510985e-01
6.672018335407873257e-01
1.941296924103864674e-01
4.731913437615048457e-01
7.638009188434302654e-02
6.303232448152251699e-02
5.167752926994536589e-01
1.530474317434595832e-01
4.750148887503837791e-01
6.809753419387428730e-01
4.809490706767061141e-03
6.589066706050198396e-01
2.195095445903737508e-01
5.372695191789771396e-01
9.889295771483190833e-01
6.797119363365619060e-01
1.668681119878058228e-01
1.322609547231975435e-01
9.133491251927272625e-01
9.118370611429053030e-01
4.182559287717620977e-01
3.956291211148714737e-01
7.430540224954547135e-01
