mass_2_source
3.590047867875640719e+01
9.186892340345565344e+00
2.934143566880229770e+01
4.622693641056056890e+01
5.747049438023674384e+01
2.714653288887951632e+01
2.235318874441396630e+01
2.156788344115781442e+01
2.748002040800229651e+01
2.650831742709525685e+01
3.155898371474277297e+01
3.708365026189611768e+01
2.317300219685357021e+01
1.800071932163137589e+01
1.890892325276388419e+01
4.655885004531669580e+01
2.788834186832307438e+01
2.292518538740288037e+01
4.607789030521269069e+01
8.200224786327853010e+00
2.062574859531911642e+01
6.171200851595662584e+01
1.498735844537955053e+01
4.230532550758908883e+01
2.719164311908699005e+01
2.840893126478184172e+01
2.737115137083603855e+01
2.173164266710478643e+01
5.266297991281733459e+01
2.175357292778016571e+01
6.801006211856211792e+00
5.615505051133672509e+01
9.382322963961589934e+00
3.726816289002239557e+01
4.036453980424440147e+01
4.894442264292126765e+01
1.594712669062665533e+01
6.402123280740162237e+00
2.179380026969960582e+01
1.931960310500793199e+01
1.535251549836948115e+01
7.463329054597357626e+00
3.187828503731193308e+01
4.451597035309725925e+01
3.242454840657575943e+01
2.631029468296731366e+01
1.266132930076639695e+01
2.819330265870409491e+01
3.835797102325816610e+01
4.839737052541158846e+01
