geocent_time
1.126259462400000095e+09
1.126259462400000095e+09
1.126259462400000095e+09
1.126259462400000095e+09
1.126259462400000095e+09
1.126259462400000095e+09
1.126259462400000095e+09
1.126259462400000095e+09
1.126259462400000095e+09
1.126259462400000095e+09
1.126259462400000095e+09
1.126259462400000095e+09
1.126259462400000095e+09
1.126259462400000095e+09
1.126259462400000095e+09
1.126259462400000095e+09
1.126259462400000095e+09
1.126259462400000095e+09
1.126259462400000095e+09
1.126259462400000095e+09
1.126259462400000095e+09
1.126259462400000095e+09
1.126259462400000095e+09
1.126259462400000095e+09
1.126259462400000095e+09
1.126259462400000095e+09
1.126259462400000095e+09
1.126259462400000095e+09
1.126259462400000095e+09
1.126259462400000095e+09
1.126259462400000095e+09
1.126259462400000095e+09
1.126259462400000095e+09
1.126259462400000095e+09
1.126259462400000095e+09
1.126259462400000095e+09
1.126259462400000095e+09
1.126259462400000095e+09
1.126259462400000095e+09
1.126259462400000095e+09
1.126259462400000095e+09
1.126259462400000095e+09
1.126259462400000095e+09
1.126259462400000095e+09
1.126259462400000095e+09
1.126259462400000095e+09
1.126259462400000095e+09
1.126259462400000095e+09
1.126259462400000095e+09
1.126259462400000095e+09
