mass_ratio
6.678763576373927258e-01
7.058631795232283013e-01
5.873685844861811223e-01
7.820720237393312679e-01
9.991364729969868241e-01
6.004781351509362874e-01
5.669060558374992009e-01
5.702493546256908186e-01
6.628086126854393356e-01
9.533460242338974711e-01
6.655014068026509078e-01
7.298142332853112535e-01
9.722613624837067592e-01
6.908391480444647792e-01
7.106015230980242681e-01
9.725163412442359157e-01
6.397616504417592553e-01
5.940496341065562014e-01
8.643866746223783926e-01
7.065071287735094074e-01
7.891344308270924479e-01
9.790508630598203643e-01
8.804182812372747247e-01
7.272468080616463215e-01
5.711743221923910596e-01
9.222609470900385853e-01
7.964120699912433654e-01
5.433895083483953892e-01
9.847411344139287426e-01
6.936038695492046102e-01
5.178772488080837233e-01
9.722983767124304677e-01
8.068763038113919706e-01
7.271031853312418525e-01
7.290410413783883214e-01
9.770577510163063195e-01
6.500530453634421058e-01
6.779648070623072176e-01
5.754551432242799303e-01
6.168137235223475345e-01
5.232693815319697794e-01
6.742642904197635456e-01
8.928404679260431021e-01
7.314001859481498169e-01
7.534818750299373535e-01
8.354537909936626816e-01
7.216498019778363471e-01
6.016406641189199211e-01
9.454424602584429183e-01
8.179195822015636885e-01
