mass_1	mass_2	a_1	a_2	tilt_1	tilt_2	phi_jl	phi_12	psi	theta_jn	ra	dec	luminosity_distance	geocent_time	redshift	mass_1_source	mass_2_source	log_likelihood	comoving_distance	comoving_volume	mass_ratio	inverted_mass_ratio	total_mass	chirp_mass	symmetric_mass_ratio	total_mass_source	chirp_mass_source	iota	spin_1x	spin_1y	spin_1z	spin_2x	spin_2y	spin_2z	phi_1	phi_2	chi_p	chi_p_2spin	chi_eff	final_spin_non_evolved	peak_luminosity_non_evolved	final_mass_non_evolved	cos_tilt_1	cos_tilt_2	final_mass_source_non_evolved	radiated_energy_non_evolved	cos_theta_jn	viewing_angle	cos_iota
5.912849900291347183e+01	3.949052654663205431e+01	0.000000000000000000e+00	0.000000000000000000e+00	3.190970584141975541e-01	1.180912329666428118e-01	2.417662932527850916e-01	3.185339287822264165e-01	9.640792451783762873e-01	2.636498042750937687e-01	4.410061220535114179e-01	6.098708094225074872e-01	5.285603768302732988e+02	1.126259462400000095e+09	1.000000000000000056e-01	5.375318091173951274e+01	3.590047867875640719e+01	2.227536581313872555e-01	4.321244883487780726e+02	3.379988668472575545e+08	6.678763576373927258e-01	1.497283125184266206e+00	9.861902554954552613e+01	4.189688415159073998e+01	2.400868452034775058e-01	8.965365959049591993e+01	3.808807650144612467e+01	2.636498042750936022e-01	-0.000000000000000000e+00	-0.000000000000000000e+00	0.000000000000000000e+00	-0.000000000000000000e+00	-0.000000000000000000e+00	0.000000000000000000e+00	3.141592653589793116e+00	3.141592653589793116e+00	0.000000000000000000e+00	0.000000000000000000e+00	0.000000000000000000e+00	6.640539400379665835e-01	3.371527930867809886e+00	9.420224100251465416e+01	9.495190663154716715e-01	9.930353298351087821e-01	8.563840091137694799e+01	4.015258679118971941e+00	9.654452498526219228e-01	2.636498042750937687e-01	9.654452498526219228e-01
1.431662943689156009e+01	1.010558157438012294e+01	0.000000000000000000e+00	0.000000000000000000e+00	6.712380191408012786e-01	6.110179811110102444e-01	6.013731275422917744e-02	9.777692736076393221e-01	4.389516267467820088e-01	5.325950215229038331e-01	3.132287457829341371e-03	2.512671054913042656e-01	3.979140048131279741e+02	1.126259462400000095e+09	1.000000000000000056e-01	1.301511766990141794e+01	9.186892340345565344e+00	9.922592294876191321e-01	4.321244883487780726e+02	3.379988668472575545e+08	7.058631795232283013e-01	1.416705147696533551e+00	2.442221101127168481e+01	1.043960969131071437e+01	2.425672349436581998e-01	2.220201001024698328e+01	9.490554264827920861e+00	5.325950215229038331e-01	-0.000000000000000000e+00	-0.000000000000000000e+00	0.000000000000000000e+00	-0.000000000000000000e+00	-0.000000000000000000e+00	0.000000000000000000e+00	3.141592653589793116e+00	3.141592653589793116e+00	0.000000000000000000e+00	0.000000000000000000e+00	0.000000000000000000e+00	6.696849702821187078e-01	3.454579371969441759e+00	2.330693540842541012e+01	7.830522728608317884e-01	8.190644249980475466e-01	2.118812309856855336e+01	1.013886911678429925e+00	8.614922969574227984e-01	5.325950215229038331e-01	8.614922969574227984e-01
5.494944756692527932e+01	3.227557923568252818e+01	0.000000000000000000e+00	0.000000000000000000e+00	8.289891999288847568e-01	2.810522629658763760e-01	8.690915111825114892e-01	9.764165742940587034e-01	8.417136574465668986e-01	4.488736003230437976e-01	3.705084297706885410e-01	4.826694370138500112e-01	3.410797144902657010e+02	1.126259462400000095e+09	1.000000000000000056e-01	4.995404324265933838e+01	2.934143566880229770e+01	3.055007696575119391e-01	4.321244883487780726e+02	3.379988668472575545e+08	5.873685844861811223e-01	1.702508486855457193e+00	8.722502680260780039e+01	3.640610380938395707e+01	2.331069127086326798e-01	7.929547891146162897e+01	3.309645800853086683e+01	4.488736003230437421e-01	-0.000000000000000000e+00	-0.000000000000000000e+00	0.000000000000000000e+00	0.000000000000000000e+00	-0.000000000000000000e+00	0.000000000000000000e+00	3.141592653589793116e+00	0.000000000000000000e+00	0.000000000000000000e+00	0.000000000000000000e+00	0.000000000000000000e+00	6.481552523592201132e-01	3.144732284488099161e+00	8.352888392298362419e+01	6.756213162607304090e-01	9.607641074822415028e-01	7.593534902089419347e+01	3.360129890567435496e+00	9.009364760533012939e-01	4.488736003230437976e-01	9.009364760533012939e-01
6.501911397941154291e+01	5.084963005161662863e+01	0.000000000000000000e+00	0.000000000000000000e+00	7.463378032369891724e-01	8.553998778375780931e-01	2.935015581362097059e-01	7.333144993171772930e-01	8.088307025622911706e-01	8.870869741717364310e-01	2.483321126702786596e-02	5.125494476917045183e-01	5.416143928142339519e+02	1.126259462400000095e+09	1.000000000000000056e-01	5.910828543582866956e+01	4.622693641056056890e+01	5.978168873014499951e-03	4.321244883487780726e+02	3.379988668472575545e+08	7.820720237393312679e-01	1.278654611909894045e+00	1.158687440310281715e+02	4.998089709599825170e+01	2.462613442680366138e-01	1.053352218463892314e+02	4.543717917818022300e+01	8.870869741717364310e-01	-0.000000000000000000e+00	-0.000000000000000000e+00	0.000000000000000000e+00	-0.000000000000000000e+00	-0.000000000000000000e+00	0.000000000000000000e+00	3.141592653589793116e+00	3.141592653589793116e+00	0.000000000000000000e+00	0.000000000000000000e+00	0.000000000000000000e+00	6.780580706143730652e-01	3.580652473139032121e+00	1.104228892032895146e+02	7.341802519695259654e-01	6.559167210951790672e-01	1.003844447302631835e+02	4.950777116126047872e+00	6.316729829381784178e-01	8.870869741717364310e-01	6.316729829381784178e-01
6.327218105514107549e+01	6.321754381826042390e+01	0.000000000000000000e+00	0.000000000000000000e+00	3.264944953806705463e-01	1.983582071830818361e-01	8.292149093742201549e-01	6.371216286308994947e-01	8.544073566273735487e-02	2.201604372873834370e-01	6.811760056464958302e-01	1.344100894286310854e-01	1.083375303642876304e+02	1.126259462400000095e+09	1.000000000000000056e-01	5.752016459558279138e+01	5.747049438023674384e+01	2.342060522066808925e-01	4.321244883487780726e+02	3.379988668472575545e+08	9.991364729969868241e-01	1.000864273326368403e+00	1.264897248734014994e+02	5.505784445621265633e+01	2.499999533547989927e-01	1.149906589758195423e+02	5.005258586928422915e+01	2.201604372873832427e-01	-0.000000000000000000e+00	-0.000000000000000000e+00	0.000000000000000000e+00	-0.000000000000000000e+00	-0.000000000000000000e+00	0.000000000000000000e+00	3.141592653589793116e+00	3.141592653589793116e+00	0.000000000000000000e+00	0.000000000000000000e+00	0.000000000000000000e+00	6.865206344171719266e-01	3.711131197098757717e+00	1.203703458047852166e+02	9.471724627904432037e-01	9.803914306985268556e-01	1.094275870952592840e+02	5.563071880560258364e+00	9.758624246021416759e-01	2.201604372873834370e-01	9.758624246021416759e-01
4.972901497947391647e+01	2.986118617776747186e+01	0.000000000000000000e+00	0.000000000000000000e+00	4.616133222332173824e-01	8.738239607364897132e-01	3.506094910196108083e-01	8.235205516449387586e-01	9.471990743671517832e-01	6.704070988991805979e-02	2.978400906186231545e-01	6.191610163672529588e-01	5.697679834963657868e+02	1.126259462400000095e+09	1.000000000000000056e-01	4.520819543588537215e+01	2.714653288887951632e+01	2.481547794756681080e-01	4.321244883487780726e+02	3.379988668472575545e+08	6.004781351509362874e-01	1.665339571021415832e+00	7.959020115724138122e+01	3.333175852077036438e+01	2.344216440737885154e-01	7.235472832476489202e+01	3.030159865524578322e+01	6.704070988991883695e-02	-0.000000000000000000e+00	-0.000000000000000000e+00	0.000000000000000000e+00	-0.000000000000000000e+00	-0.000000000000000000e+00	0.000000000000000000e+00	3.141592653589793116e+00	3.141592653589793116e+00	0.000000000000000000e+00	0.000000000000000000e+00	0.000000000000000000e+00	6.511567807887697068e-01	3.186671373187713652e+00	7.618200699981329649e+01	8.953351003585321433e-01	6.418990759791509682e-01	6.925636999983026953e+01	3.098358324934622487e+00	9.977536131552163789e-01	6.704070988991805979e-02	9.977536131552163789e-01
4.337316097731638820e+01	2.458850761885536684e+01	0.000000000000000000e+00	0.000000000000000000e+00	2.795952691185540351e-01	9.488350155396007013e-01	2.020173512975977914e-01	5.654784146623665908e-01	3.803031304256005996e-01	8.081067272417844505e-01	1.275536679476561019e-01	9.513395513366474932e-01	1.873744259396164580e+02	1.126259462400000095e+09	1.000000000000000056e-01	3.943014634301489707e+01	2.235318874441396630e+01	1.024941347304993977e-01	4.321244883487780726e+02	3.379988668472575545e+08	5.669060558374992009e-01	1.763960694550500641e+00	6.796166859617176215e+01	2.820454772976081870e+01	2.309006620696446577e-01	6.178333508742886693e+01	2.564049793614619688e+01	8.081067272417843395e-01	-0.000000000000000000e+00	-0.000000000000000000e+00	0.000000000000000000e+00	-0.000000000000000000e+00	-0.000000000000000000e+00	0.000000000000000000e+00	3.141592653589793116e+00	3.141592653589793116e+00	0.000000000000000000e+00	0.000000000000000000e+00	0.000000000000000000e+00	6.431101955586845387e-01	3.075166050795608008e+00	6.513227733266801067e+01	9.611672092591087013e-01	5.826303109456215656e-01	5.921116121151636946e+01	2.572173875912497465e+00	6.908684695619886629e-01	8.081067272417844505e-01	6.908684695619886629e-01
4.160403092581554318e+01	2.372467178527359621e+01	0.000000000000000000e+00	0.000000000000000000e+00	6.690315985377016661e-01	5.915547336476866258e-01	8.790005515634675692e-01	5.376576529462346876e-01	9.782239766028444361e-02	1.412958234884379438e-01	9.622800892721934396e-01	7.981039042202182632e-01	1.406362627110028427e+02	1.126259462400000095e+09	1.000000000000000056e-01	3.782184629619594318e+01	2.156788344115781442e+01	5.886323190849075404e-01	4.321244883487780726e+02	3.379988668472575545e+08	5.702493546256908186e-01	1.753618819360866388e+00	6.532870271108913585e+01	2.713817053843150973e+01	2.312743959254455195e-01	5.938972973735375405e+01	2.467106412584682573e+01	1.412958234884378328e-01	-0.000000000000000000e+00	-0.000000000000000000e+00	0.000000000000000000e+00	-0.000000000000000000e+00	-0.000000000000000000e+00	0.000000000000000000e+00	3.141592653589793116e+00	3.141592653589793116e+00	0.000000000000000000e+00	0.000000000000000000e+00	0.000000000000000000e+00	6.439655685341433289e-01	3.086878925306334231e+00	6.260075178545478991e+01	7.844226619902729958e-01	8.300746819727182757e-01	5.690977435041344279e+01	2.479955386940311257e+00	9.900343416529429064e-01	1.412958234884379438e-01	9.900343416529429064e-01
4.560595905103056680e+01	3.022802244880252687e+01	0.000000000000000000e+00	0.000000000000000000e+00	3.190525603462712745e-02	2.381556001205146211e-01	5.154296535544239388e-01	6.023578195926511114e-01	2.829595316807853589e-01	8.431300031796803429e-01	8.947055744396656962e-01	7.231912274435534638e-01	2.332921812787145086e+02	1.126259462400000095e+09	1.000000000000000056e-01	4.145996277366414517e+01	2.748002040800229651e+01	5.311501483237561771e-01	4.321244883487780726e+02	3.379988668472575545e+08	6.628086126854393356e-01	1.508731149325887699e+00	7.583398149983310077e+01	3.218740953486469891e+01	2.397196376039923416e-01	6.893998318166644879e+01	2.926128139533154382e+01	8.431300031796803429e-01	-0.000000000000000000e+00	-0.000000000000000000e+00	0.000000000000000000e+00	-0.000000000000000000e+00	-0.000000000000000000e+00	0.000000000000000000e+00	3.141592653589793116e+00	3.141592653589793116e+00	0.000000000000000000e+00	0.000000000000000000e+00	0.000000000000000000e+00	6.632195718731100920e-01	3.359342086846653697e+00	7.244745730829873764e+01	9.994910704927492118e-01	9.717747411454012996e-01	6.586132482572611480e+01	3.078658355940333990e+00	6.651288247764888251e-01	8.431300031796803429e-01	6.651288247764888251e-01
3.058611294176936823e+01	2.915914916980478466e+01	0.000000000000000000e+00	0.000000000000000000e+00	3.229556341470832814e-01	1.913157056614079865e-01	4.968664343329384225e-01	3.144053207478292311e-01	3.030465846818108933e-02	9.262352470986678910e-02	5.890203488734042647e-01	6.340383820561487083e-01	4.434685796459089033e+02	1.126259462400000095e+09	1.000000000000000056e-01	2.780555721979033379e+01	2.650831742709525685e+01	1.209365536809415831e-01	4.321244883487780726e+02	3.379988668472575545e+08	9.533460242338974711e-01	1.048937085360578614e+00	5.974526211157414934e+01	2.599673379995479294e+01	2.498573870505935435e-01	5.431387464688558708e+01	2.363339436359526502e+01	9.262352470986659481e-02	-0.000000000000000000e+00	-0.000000000000000000e+00	0.000000000000000000e+00	-0.000000000000000000e+00	-0.000000000000000000e+00	0.000000000000000000e+00	3.141592653589793116e+00	3.141592653589793116e+00	0.000000000000000000e+00	0.000000000000000000e+00	0.000000000000000000e+00	6.861980684706914246e-01	3.706102617857166770e+00	5.685804966394898941e+01	9.483015296183744391e-01	9.817549025071288238e-01	5.168913605813543910e+01	2.624738588750147983e+00	9.957135071772265089e-01	9.262352470986678910e-02	9.957135071772265089e-01
5.216349917726240193e+01	3.471488208621705240e+01	0.000000000000000000e+00	0.000000000000000000e+00	9.035270116837701426e-02	7.270797710217943299e-01	4.886337017858913834e-01	2.804991419726440283e-01	8.853302668097648986e-01	8.077281766257320417e-01	4.394491661468117316e-01	6.416481212367471931e-01	4.198144986621231283e+02	1.126259462400000095e+09	1.000000000000000056e-01	4.742136288842036151e+01	3.155898371474277297e+01	7.411372137316080133e-01	4.321244883487780726e+02	3.379988668472575545e+08	6.655014068026509078e-01	1.502626425396185406e+00	8.687838126347945433e+01	3.689326594989619679e+01	2.399158663693057303e-01	7.898034660316312738e+01	3.353933268172381332e+01	8.077281766257321527e-01	-0.000000000000000000e+00	-0.000000000000000000e+00	0.000000000000000000e+00	-0.000000000000000000e+00	-0.000000000000000000e+00	0.000000000000000000e+00	3.141592653589793116e+00	3.141592653589793116e+00	0.000000000000000000e+00	0.000000000000000000e+00	0.000000000000000000e+00	6.636654671128890959e-01	3.365850456763363141e+00	8.299264859495609414e+01	9.959209707960170466e-01	7.471186342863489482e-01	7.544786235905098692e+01	3.532484244112140459e+00	6.911421047562571474e-01	8.077281766257320417e-01	6.911421047562571474e-01
5.589369654310186064e+01	4.079201528808573585e+01	0.000000000000000000e+00	0.000000000000000000e+00	8.093563205857559062e-01	8.068088921995110185e-01	5.453266664014588816e-02	9.893628277967470019e-02	5.532265690985725959e-01	7.629105525226631546e-01	7.309312365146728441e-01	6.824710441669199490e-01	5.403913479271516280e+02	1.126259462400000095e+09	1.000000000000000056e-01	5.081245140281986750e+01	3.708365026189611768e+01	4.140805996096142971e-01	4.321244883487780726e+02	3.379988668472575545e+08	7.298142332853112535e-01	1.370211698254264032e+00	9.668571183118760359e+01	4.146582752000758632e+01	2.439008964083542175e-01	8.789610166471599939e+01	3.769620683637052849e+01	7.629105525226631546e-01	-0.000000000000000000e+00	-0.000000000000000000e+00	0.000000000000000000e+00	-0.000000000000000000e+00	-0.000000000000000000e+00	0.000000000000000000e+00	3.141592653589793116e+00	3.141592653589793116e+00	0.000000000000000000e+00	0.000000000000000000e+00	0.000000000000000000e+00	6.727094948510948802e-01	3.499766465523659775e+00	9.222417145194805244e+01	6.899644988261069978e-01	6.918061968444328969e-01	8.384015586540731135e+01	4.055945799308688038e+00	7.228278013666771251e-01	7.629105525226631546e-01	7.228278013666771251e-01
2.621754129097781316e+01	2.549030241653892759e+01	0.000000000000000000e+00	0.000000000000000000e+00	4.691841858884371330e-02	4.941158084372684334e-01	3.705291173588014519e-01	6.555742562392314898e-01	4.612858772956585085e-05	1.430147252142085490e-01	8.589758799289435309e-01	6.828099697865742668e-01	1.529658458764376974e+02	1.126259462400000095e+09	1.000000000000000056e-01	2.383412844634346328e+01	2.317300219685357021e+01	9.186120696490559512e-01	4.321244883487780726e+02	3.379988668472575545e+08	9.722613624837067592e-01	1.028530021439330921e+00	5.170784370751674430e+01	2.250447488695747822e+01	2.499505482886324459e-01	4.700713064319703705e+01	2.045861353359770618e+01	1.430147252142087988e-01	-0.000000000000000000e+00	-0.000000000000000000e+00	0.000000000000000000e+00	-0.000000000000000000e+00	-0.000000000000000000e+00	0.000000000000000000e+00	3.141592653589793116e+00	3.141592653589793116e+00	0.000000000000000000e+00	0.000000000000000000e+00	0.000000000000000000e+00	6.864088530439972358e-01	3.709388114470507869e+00	4.920724899528192964e+01	9.988995328957874786e-01	8.803883847821373232e-01	4.473386272298356658e+01	2.273267920213470461e+00	9.897908128843276865e-01	1.430147252142085490e-01	9.897908128843276865e-01
2.866194150960313891e+01	1.980079125379451455e+01	0.000000000000000000e+00	0.000000000000000000e+00	5.915185219817075124e-01	4.630796144451073681e-01	8.353303278541164278e-01	4.954339488790273638e-01	1.771452329830702777e-02	4.378947085850906085e-01	1.340384128921932039e-01	3.324009697375922556e-01	1.825654159506996166e+02	1.126259462400000095e+09	1.000000000000000056e-01	2.605631046327557954e+01	1.800071932163137589e+01	7.553478000631785871e-01	4.321244883487780726e+02	3.379988668472575545e+08	6.908391480444647792e-01	1.447514957469718588e+00	4.846273276339765346e+01	2.066861189921980113e+01	2.416419606692288280e-01	4.405702978490695187e+01	1.878964718110890786e+01	4.378947085850904974e-01	-0.000000000000000000e+00	-0.000000000000000000e+00	0.000000000000000000e+00	-0.000000000000000000e+00	-0.000000000000000000e+00	0.000000000000000000e+00	3.141592653589793116e+00	3.141592653589793116e+00	0.000000000000000000e+00	0.000000000000000000e+00	0.000000000000000000e+00	6.675853481342598483e-01	3.423447663257761509e+00	4.626559269059323753e+01	8.300948749451801945e-01	8.946810615946667600e-01	4.205962971872111922e+01	1.997400066185832657e+00	9.056463842137009168e-01	4.378947085850906085e-01	9.056463842137009168e-01
2.927071629027599542e+01	2.079981557804027403e+01	0.000000000000000000e+00	0.000000000000000000e+00	4.999618889387321685e-01	5.297378685908172846e-01	9.856219600534821268e-01	6.128137476085671054e-02	4.484689538155817168e-02	1.943247913592129894e-01	3.908803571132213328e-03	1.058111752491209812e-01	1.261458149569157001e+02	1.126259462400000095e+09	1.000000000000000056e-01	2.660974208206908287e+01	1.890892325276388419e+01	7.674322004927275342e-01	4.321244883487780726e+02	3.379988668472575545e+08	7.106015230980242681e-01	1.407258452867197862e+00	5.007053186831626590e+01	2.141801704313572685e+01	2.428445857403398467e-01	4.551866533483296706e+01	1.947092458466883969e+01	1.943247913592131559e-01	-0.000000000000000000e+00	-0.000000000000000000e+00	0.000000000000000000e+00	-0.000000000000000000e+00	-0.000000000000000000e+00	0.000000000000000000e+00	3.141592653589793116e+00	3.141592653589793116e+00	0.000000000000000000e+00	0.000000000000000000e+00	0.000000000000000000e+00	6.703141258005617109e-01	3.463945965218087952e+00	4.777902265933572323e+01	8.776008326691197015e-01	8.629395570373850077e-01	4.343547514485065619e+01	2.083190189982310869e+00	9.811782787452394405e-01	1.943247913592129894e-01	9.811782787452394405e-01
5.266208173358230482e+01	5.121473504984837177e+01	0.000000000000000000e+00	0.000000000000000000e+00	4.665555555558995593e-01	9.602674866562589395e-01	2.578057775431515930e-01	4.441107526966251440e-01	5.590083792901106019e-01	8.499888249036430254e-01	1.253289326120659020e-01	9.285013782441607910e-01	5.545744824015387167e+02	1.126259462400000095e+09	1.000000000000000056e-01	4.787461975780209400e+01	4.655885004531669580e+01	6.199291860598936665e-01	4.321244883487780726e+02	3.379988668472575545e+08	9.725163412442359157e-01	1.028260356757195071e+00	1.038768167834306837e+02	4.520974373900144627e+01	2.499514657990147826e-01	9.443346980311879690e+01	4.109976703545585508e+01	8.499888249036430254e-01	-0.000000000000000000e+00	-0.000000000000000000e+00	0.000000000000000000e+00	-0.000000000000000000e+00	-0.000000000000000000e+00	0.000000000000000000e+00	3.141592653589793116e+00	3.141592653589793116e+00	0.000000000000000000e+00	0.000000000000000000e+00	0.000000000000000000e+00	6.864109289650613954e-01	3.709420480992084990e+00	9.885329161746224713e+01	8.931229378943263963e-01	5.733008427442067845e-01	8.986662874314748706e+01	4.566841059971309846e+00	6.599915414746903020e-01	8.499888249036430254e-01	6.599915414746903020e-01
4.795094553412604910e+01	3.067717605515538537e+01	0.000000000000000000e+00	0.000000000000000000e+00	3.059241483838125442e-01	3.678516973255723244e-01	3.510971544340512063e-01	4.328077318550705987e-01	3.262089855858962828e-03	4.548687781288602849e-01	3.139589934382694958e-01	2.636495988780184208e-01	3.484010821870373888e+02	1.126259462400000095e+09	1.000000000000000056e-01	4.359176866738731349e+01	2.788834186832307438e+01	7.883326713593805657e-01	4.321244883487780726e+02	3.379988668472575545e+08	6.397616504417592553e-01	1.563082124896817415e+00	7.862812158928143447e+01	3.322400261911490560e+01	2.379341354222572757e-01	7.148011053571039497e+01	3.020363874464991127e+01	4.548687781288602294e-01	-0.000000000000000000e+00	-0.000000000000000000e+00	0.000000000000000000e+00	-0.000000000000000000e+00	-0.000000000000000000e+00	0.000000000000000000e+00	3.141592653589793116e+00	3.141592653589793116e+00	0.000000000000000000e+00	0.000000000000000000e+00	0.000000000000000000e+00	6.591596030066174672e-01	3.300492523088133012e+00	7.516593614427782200e+01	9.535690298381113150e-01	9.331020529682808595e-01	6.833266922207074856e+01	3.147441313639646410e+00	8.983186875118497339e-01	4.548687781288602849e-01	8.983186875118497339e-01
4.245049988806121632e+01	2.521770392614316947e+01	0.000000000000000000e+00	0.000000000000000000e+00	2.263322700639880392e-01	1.624572393266927595e-01	3.547521890397281608e-01	2.456488419756803765e-01	4.678622980333775327e-01	7.764752689584563106e-01	3.867473626763773265e-02	7.820402618145677609e-01	2.552355811556776928e+02	1.126259462400000095e+09	1.000000000000000056e-01	3.859136353460110058e+01	2.292518538740288037e+01	1.784325325149409558e-01	4.321244883487780726e+02	3.379988668472575545e+08	5.940496341065562014e-01	1.683361023366319431e+00	6.766820381420438935e+01	2.829280982600413807e+01	2.337862973836622449e-01	6.151654892200398450e+01	2.572073620545830508e+01	7.764752689584564216e-01	-0.000000000000000000e+00	-0.000000000000000000e+00	0.000000000000000000e+00	-0.000000000000000000e+00	-0.000000000000000000e+00	0.000000000000000000e+00	3.141592653589793116e+00	3.141592653589793116e+00	0.000000000000000000e+00	0.000000000000000000e+00	0.000000000000000000e+00	6.497067237744730273e-01	3.166359074086474212e+00	6.478517565740786210e+01	9.744960041274044471e-01	9.868328203567773294e-01	5.889561423400714091e+01	2.620934687996843593e+00	7.133879875852446872e-01	7.764752689584563106e-01	7.133879875852446872e-01
5.863773797516816444e+01	5.068567933573396544e+01	0.000000000000000000e+00	0.000000000000000000e+00	4.985637681769624630e-01	6.833087228064714802e-01	1.977244923999712523e-01	3.260294152588649741e-01	4.336005590881563121e-01	5.551015441047563170e-01	2.912231278736208129e-01	4.728735621213099316e-01	1.833766974624056729e+02	1.126259462400000095e+09	1.000000000000000056e-01	5.330703452288014432e+01	4.607789030521269069e+01	2.068455784622548199e-01	4.321244883487780726e+02	3.379988668472575545e+08	8.643866746223783926e-01	1.156889652928611456e+00	1.093234173109021299e+02	4.743455693248524341e+01	2.486772652624479052e-01	9.938492482809283501e+01	4.312232448407748819e+01	5.551015441047563170e-01	-0.000000000000000000e+00	-0.000000000000000000e+00	0.000000000000000000e+00	-0.000000000000000000e+00	-0.000000000000000000e+00	0.000000000000000000e+00	3.141592653589793116e+00	3.141592653589793116e+00	0.000000000000000000e+00	0.000000000000000000e+00	0.000000000000000000e+00	6.835276040038605894e-01	3.664638436504361163e+00	1.040881867442762001e+02	8.782702227472096723e-01	7.754879644361193369e-01	9.462562431297835985e+01	4.759300515114475161e+00	8.498469279024980505e-01	5.551015441047563170e-01	8.498469279024980505e-01
1.276738322601176634e+01	9.020247264960639555e+00	0.000000000000000000e+00	0.000000000000000000e+00	8.929909611083425292e-01	7.328981015133246846e-01	9.436318202446927206e-01	1.947839164317417548e-01	2.410795416802502533e-01	8.659535273238518904e-01	8.700922896581261279e-01	1.338181318350929461e-01	5.862458090120455836e+02	1.126259462400000095e+09	1.000000000000000056e-01	1.160671202364705934e+01	8.200224786327853010e+00	1.212304027866035749e-01	4.321244883487780726e+02	3.379988668472575545e+08	7.065071287735094074e-01	1.415413885116759918e+00	2.178763049097240412e+01	9.314299574782712199e+00	2.426053281055476074e-01	1.980693680997491057e+01	8.467545067984282525e+00	8.659535273238518904e-01	-0.000000000000000000e+00	-0.000000000000000000e+00	0.000000000000000000e+00	-0.000000000000000000e+00	-0.000000000000000000e+00	0.000000000000000000e+00	3.141592653589793116e+00	3.141592653589793116e+00	0.000000000000000000e+00	0.000000000000000000e+00	0.000000000000000000e+00	6.697713880688241916e-01	3.455864888321474204e+00	2.079237023206461998e+01	6.270850233535899543e-01	7.432386197969946817e-01	1.890215475642238019e+01	9.047820535525303853e-01	6.479140957901968756e-01	8.659535273238518904e-01	6.479140957901968756e-01
2.875089790604039308e+01	2.268832345485103019e+01	0.000000000000000000e+00	0.000000000000000000e+00	8.152840420040159408e-01	8.894865435980451318e-01	5.875947287605575164e-01	8.840913884710668302e-01	5.540027965092161333e-01	7.955568785107079988e-01	2.423292252464290808e-01	7.494723432260732565e-01	3.977937282366075920e+02	1.126259462400000095e+09	1.000000000000000056e-01	2.613717991458217327e+01	2.062574859531911642e+01	8.930235769918714039e-01	4.321244883487780726e+02	3.379988668472575545e+08	7.891344308270924479e-01	1.267211213876321629e+00	5.143922136089142327e+01	2.220308969191096793e+01	2.465273148765695366e-01	4.676292850990129324e+01	2.018462699264633287e+01	7.955568785107079988e-01	-0.000000000000000000e+00	-0.000000000000000000e+00	0.000000000000000000e+00	-0.000000000000000000e+00	-0.000000000000000000e+00	0.000000000000000000e+00	3.141592653589793116e+00	3.141592653589793116e+00	0.000000000000000000e+00	0.000000000000000000e+00	0.000000000000000000e+00	6.786604233708684042e-01	3.589839241396947322e+00	4.901657257551218549e+01	6.856616611542341033e-01	6.298109360514138055e-01	4.456052052319289203e+01	2.202407986708401211e+00	6.998871221764830786e-01	7.955568785107079988e-01	6.998871221764830786e-01
6.933573313586325071e+01	6.788320936755229695e+01	0.000000000000000000e+00	0.000000000000000000e+00	9.298038040764922130e-02	6.677876684877214197e-01	9.963128409400627827e-01	1.891984050305002274e-01	6.376294539143039231e-01	9.236163417236693540e-01	8.124864307487146275e-01	2.353566844477331665e-01	4.060844716894606563e+02	1.126259462400000095e+09	1.000000000000000056e-01	6.303248466896658897e+01	6.171200851595662584e+01	8.423842995450285809e-01	4.321244883487780726e+02	3.379988668472575545e+08	9.790508630598203643e-01	1.021397393874622139e+00	1.372189425034155477e+02	5.972399818117260395e+01	2.499719870808436439e-01	1.247444931849232148e+02	5.429454380106599842e+01	9.236163417236693540e-01	-0.000000000000000000e+00	-0.000000000000000000e+00	0.000000000000000000e+00	-0.000000000000000000e+00	-0.000000000000000000e+00	0.000000000000000000e+00	3.141592653589793116e+00	3.141592653589793116e+00	0.000000000000000000e+00	0.000000000000000000e+00	0.000000000000000000e+00	6.864573594793114131e-01	3.710144444535711017e+00	1.305819297835344344e+02	9.956804377863167632e-01	7.851935734561753533e-01	1.187108452577585638e+02	6.033647927164651037e+00	6.029390341490186156e-01	9.236163417236693540e-01	6.029390341490186156e-01
1.872529755600845647e+01	1.648609428991750647e+01	0.000000000000000000e+00	0.000000000000000000e+00	1.265546095372620528e-01	3.949573994902617624e-01	9.156185390780902100e-01	7.552285911134367646e-01	6.295520364410689407e-02	7.336903535076269023e-01	5.340042893939971336e-01	9.760175623380600296e-01	4.419603098313942837e+02	1.126259462400000095e+09	1.000000000000000056e-01	1.702299777818950588e+01	1.498735844537955053e+01	1.320282725671049207e-01	4.321244883487780726e+02	3.379988668472575545e+08	8.804182812372747247e-01	1.135823757083592067e+00	3.521139184592595939e+01	1.528942897265330458e+01	2.489889778699905520e-01	3.201035622356905463e+01	1.389948088423027528e+01	7.336903535076270133e-01	-0.000000000000000000e+00	-0.000000000000000000e+00	0.000000000000000000e+00	0.000000000000000000e+00	-0.000000000000000000e+00	0.000000000000000000e+00	3.141592653589793116e+00	0.000000000000000000e+00	0.000000000000000000e+00	0.000000000000000000e+00	0.000000000000000000e+00	6.842330371931103494e-01	3.675562685171635202e+00	3.352114238136473290e+01	9.920026478010399718e-01	9.230129565505783562e-01	3.047376580124066336e+01	1.536590422328391270e+00	7.427083490831910551e-01	7.336903535076269023e-01	7.427083490831910551e-01
6.398908533181668901e+01	4.653585805834799771e+01	0.000000000000000000e+00	0.000000000000000000e+00	1.978694715965045869e-02	3.030326953675299695e-01	3.644016966275251956e-01	6.089637720006882970e-01	1.877875901197786357e-01	2.596144484169917721e-01	6.215893397162933764e-01	1.318420859627206232e-01	1.353617478028911023e+02	1.126259462400000095e+09	1.000000000000000056e-01	5.817189575619698871e+01	4.230532550758908883e+01	7.389790561462793450e-01	4.321244883487780726e+02	3.379988668472575545e+08	7.272468080616463215e-01	1.375049005254944001e+00	1.105249433901646796e+02	4.738535262734048814e+01	2.437659411966024148e-01	1.004772212637860633e+02	4.307759329758226130e+01	2.596144484169916056e-01	-0.000000000000000000e+00	-0.000000000000000000e+00	0.000000000000000000e+00	-0.000000000000000000e+00	-0.000000000000000000e+00	0.000000000000000000e+00	3.141592653589793116e+00	3.141592653589793116e+00	0.000000000000000000e+00	0.000000000000000000e+00	0.000000000000000000e+00	6.724035297471261385e-01	3.495177024393490761e+00	1.054301625489139838e+02	9.998042447480705031e-01	9.544358745109602360e-01	9.584560231719451906e+01	4.631618946591544272e+00	9.664890241188548448e-01	2.596144484169917721e-01	9.664890241188548448e-01
5.236721307110985180e+01	2.991080743099569261e+01	0.000000000000000000e+00	0.000000000000000000e+00	8.018499414738639031e-01	2.974604657186008527e-01	4.147528907570791068e-01	2.242174793567668356e-01	7.244871907367486097e-01	8.018428315374361848e-01	8.589045669217407752e-01	2.572775093089620935e-01	4.787805209774967921e+02	1.126259462400000095e+09	1.000000000000000056e-01	4.760655733737258544e+01	2.719164311908699005e+01	5.625811723559758226e-01	4.321244883487780726e+02	3.379988668472575545e+08	5.711743221923910596e-01	1.750778984884348022e+00	8.227802050210554796e+01	3.418816507491062140e+01	2.313768634109503730e-01	7.479820045645958260e+01	3.108015006810056136e+01	8.018428315374361848e-01	-0.000000000000000000e+00	-0.000000000000000000e+00	0.000000000000000000e+00	-0.000000000000000000e+00	-0.000000000000000000e+00	0.000000000000000000e+00	3.141592653589793116e+00	3.141592653589793116e+00	0.000000000000000000e+00	0.000000000000000000e+00	0.000000000000000000e+00	6.442000334427114838e-01	3.090095361292306109e+00	7.883948470966026889e+01	6.953784511564317095e-01	9.560838914217917317e-01	7.167225882696386918e+01	3.125941629495713414e+00	6.953835606500851085e-01	8.018428315374361848e-01	6.953835606500851085e-01
3.388392893558049224e+01	3.124982439126002731e+01	0.000000000000000000e+00	0.000000000000000000e+00	7.246927394558362323e-01	7.572003887897885699e-01	5.494408603748126563e-01	3.847535761513335428e-01	3.962494187975977855e-01	5.869363626828971725e-02	6.057423402984259964e-01	6.776561516259685947e-01	2.564542890911593531e+02	1.126259462400000095e+09	1.000000000000000056e-01	3.080357175961862737e+01	2.840893126478184172e+01	8.362043318606388054e-01	4.321244883487780726e+02	3.379988668472575545e+08	9.222609470900385853e-01	1.084291819094419296e+00	6.513375332684051955e+01	2.832328256118616494e+01	2.495911219340623821e-01	5.921250302440046909e+01	2.574843869198742041e+01	5.869363626829048747e-02	-0.000000000000000000e+00	-0.000000000000000000e+00	0.000000000000000000e+00	-0.000000000000000000e+00	-0.000000000000000000e+00	0.000000000000000000e+00	3.141592653589793116e+00	3.141592653589793116e+00	0.000000000000000000e+00	0.000000000000000000e+00	0.000000000000000000e+00	6.855956024582932073e-01	3.696722162697451353e+00	6.199259070964212981e+01	7.487031419873696469e-01	7.267618798558117543e-01	5.635690064512920117e+01	2.855602379271267921e+00	9.982780229586842857e-01	5.869363626828971725e-02	9.982780229586842857e-01
3.780488473542432359e+01	3.010826650791964454e+01	0.000000000000000000e+00	0.000000000000000000e+00	1.322474692778667915e-01	2.855199579968736856e-02	6.183324604773100530e-01	5.945679401890847648e-01	7.261163148982475724e-01	5.972665981675548963e-01	5.457030130470067464e-01	5.765213825515124180e-01	4.155007489764103639e+02	1.126259462400000095e+09	1.000000000000000056e-01	3.436807703220392796e+01	2.737115137083603855e+01	4.656639881449650131e-01	4.321244883487780726e+02	3.379988668472575545e+08	7.964120699912433654e-01	1.255631396961368385e+00	6.791315124334397524e+01	2.933252337202686988e+01	2.467890604224099727e-01	6.173922840303997361e+01	2.666593033820624470e+01	5.972665981675547853e-01	-0.000000000000000000e+00	-0.000000000000000000e+00	0.000000000000000000e+00	-0.000000000000000000e+00	-0.000000000000000000e+00	0.000000000000000000e+00	3.141592653589793116e+00	3.141592653589793116e+00	0.000000000000000000e+00	0.000000000000000000e+00	0.000000000000000000e+00	6.792531525335364639e-01	3.598894420994559695e+00	6.470812545271964211e+01	9.912680409600730380e-01	9.995924194579199895e-01	5.882556859338149025e+01	2.913659809658483368e+00	8.268759245195727026e-01	5.972665981675548963e-01	8.268759245195727026e-01
4.399202886060995610e+01	2.390480693381526578e+01	0.000000000000000000e+00	0.000000000000000000e+00	8.152771726350869219e-01	1.996873895717738989e-01	2.165142479398790565e-01	8.602094595521997400e-01	9.966009942871510985e-01	2.001514767213901091e-01	6.034786592753244028e-01	2.699870012073343206e-01	1.588213989777743222e+02	1.126259462400000095e+09	1.000000000000000056e-01	3.999275350964541076e+01	2.173164266710478643e+01	8.336545257236992468e-01	4.321244883487780726e+02	3.379988668472575545e+08	5.433895083483953892e-01	1.840300529613552616e+00	6.789683579442521477e+01	2.797342426407955784e+01	2.281183184349679371e-01	6.172439617675019008e+01	2.543038569461777954e+01	2.001514767213899426e-01	-0.000000000000000000e+00	-0.000000000000000000e+00	0.000000000000000000e+00	-0.000000000000000000e+00	-0.000000000000000000e+00	0.000000000000000000e+00	3.141592653589793116e+00	3.141592653589793116e+00	0.000000000000000000e+00	0.000000000000000000e+00	0.000000000000000000e+00	6.367319643731145229e-01	2.988881561456217639e+00	6.513283856814828710e+01	6.856666614917297231e-01	9.801286360561654032e-01	5.921167142558934415e+01	2.512724751160845926e+00	9.800364728185767538e-01	2.001514767213901091e-01	9.800364728185767538e-01
5.882690981379165862e+01	5.792927790409907374e+01	0.000000000000000000e+00	0.000000000000000000e+00	6.857310586617082482e-02	4.890948639952278354e-01	5.955205191909321849e-01	5.657538946323903417e-02	6.672018335407873257e-01	7.855545468465288117e-01	9.352481913503573052e-01	7.152811570540740238e-01	4.843385547298486813e+02	1.126259462400000095e+09	1.000000000000000056e-01	5.347900892162877540e+01	5.266297991281733459e+01	9.751941867605355974e-01	4.321244883487780726e+02	3.379988668472575545e+08	9.847411344139287426e-01	1.015495306383390473e+00	1.167561877178907253e+02	5.081928015169816604e+01	2.499852233236198873e-01	1.061419888344461100e+02	4.619934559245287176e+01	7.855545468465288117e-01	-0.000000000000000000e+00	-0.000000000000000000e+00	0.000000000000000000e+00	-0.000000000000000000e+00	-0.000000000000000000e+00	0.000000000000000000e+00	3.141592653589793116e+00	3.141592653589793116e+00	0.000000000000000000e+00	0.000000000000000000e+00	0.000000000000000000e+00	6.864873071063636312e-01	3.710611447584190259e+00	1.111083429140324768e+02	9.976497857378349154e-01	8.827584775531979178e-01	1.010075844673022374e+02	5.134404367143872605e+00	7.069961927432630855e-01	7.855545468465288117e-01	7.069961927432630855e-01
3.449941857462583528e+01	2.392893022055818264e+01	0.000000000000000000e+00	0.000000000000000000e+00	5.694056507709359671e-01	2.835589016344135516e-01	2.186427710804461633e-02	6.556791099232829323e-01	1.941296924103864674e-01	8.539427798769341216e-01	1.036259202626376164e-01	3.428364413802436061e-01	5.822136124562149462e+02	1.126259462400000095e+09	1.000000000000000056e-01	3.136310779511439151e+01	2.175357292778016571e+01	3.887122837114898033e-01	4.321244883487780726e+02	3.379988668472575545e+08	6.936038695492046102e-01	1.441745128454851477e+00	5.842834879518402147e+01	2.492965755300085107e+01	2.418175589249309254e-01	5.311668072289455722e+01	2.266332504818258897e+01	8.539427798769342326e-01	-0.000000000000000000e+00	-0.000000000000000000e+00	0.000000000000000000e+00	-0.000000000000000000e+00	-0.000000000000000000e+00	0.000000000000000000e+00	3.141592653589793116e+00	3.141592653589793116e+00	0.000000000000000000e+00	0.000000000000000000e+00	0.000000000000000000e+00	6.679838972599663194e-01	3.429342062540782887e+00	5.577575188260628636e+01	8.422215563343501410e-01	9.600658315652395025e-01	5.070522898418752789e+01	2.411451738707029335e+00	6.570158904146073953e-01	8.539427798769341216e-01	6.570158904146073953e-01
1.444571440483225544e+01	7.481106833041833326e+00	0.000000000000000000e+00	0.000000000000000000e+00	6.172969281511390127e-01	5.112323314637325922e-01	9.447976258865380395e-01	4.959754106181353261e-01	4.731913437615048457e-01	5.765262645489623861e-01	3.033182741988407205e-01	8.830424882392529096e-01	3.246072744043030980e+02	1.126259462400000095e+09	1.000000000000000056e-01	1.313246764075659456e+01	6.801006211856211792e+00	2.435984880705515110e-01	4.321244883487780726e+02	3.379988668472575545e+08	5.178772488080837233e-01	1.930959512706036163e+00	2.192682123787408699e+01	8.954220679882878287e+00	2.247778584844411232e-01	1.993347385261280635e+01	8.140200618075343897e+00	5.765262645489624971e-01	-0.000000000000000000e+00	-0.000000000000000000e+00	0.000000000000000000e+00	-0.000000000000000000e+00	-0.000000000000000000e+00	0.000000000000000000e+00	3.141592653589793116e+00	3.141592653589793116e+00	0.000000000000000000e+00	0.000000000000000000e+00	0.000000000000000000e+00	6.290488266564285835e-01	2.887411566722652978e+00	2.105809601979150614e+01	8.154460611962769390e-01	8.721422489241664744e-01	1.914372365435591306e+01	7.897501982568932988e-01	8.383612895392903441e-01	5.765262645489623861e-01	8.383612895392903441e-01
6.353045221707679957e+01	6.177055556247039902e+01	0.000000000000000000e+00	0.000000000000000000e+00	8.781735673167487821e-01	8.296084506570304828e-01	7.211175618082444894e-01	3.237903751723525403e-01	7.638009188434302654e-02	7.293375625532979578e-01	1.757167334178699747e-01	6.951144103956600206e-01	4.147120658795689110e+02	1.126259462400000095e+09	1.000000000000000056e-01	5.775495656097890418e+01	5.615505051133672509e+01	6.172667952527466362e-02	4.321244883487780726e+02	3.379988668472575545e+08	9.722983767124304677e-01	1.028490866539585546e+00	1.253010077795472057e+02	5.453397562093640261e+01	2.499506820277181685e-01	1.139100070723156364e+02	4.957634147357854459e+01	7.293375625532979578e-01	-0.000000000000000000e+00	-0.000000000000000000e+00	0.000000000000000000e+00	-0.000000000000000000e+00	-0.000000000000000000e+00	0.000000000000000000e+00	3.141592653589793116e+00	3.141592653589793116e+00	0.000000000000000000e+00	0.000000000000000000e+00	0.000000000000000000e+00	6.864091556365456981e-01	3.709392832301699805e+00	1.192414365862713765e+02	6.385577833725561980e-01	6.751646448744985651e-01	1.084013059875194216e+02	5.508701084796214786e+00	7.456159982308907530e-01	7.293375625532979578e-01	7.456159982308907530e-01
1.279075269853282038e+01	1.032055526035775017e+01	0.000000000000000000e+00	0.000000000000000000e+00	4.723433586645383597e-01	6.202462255757149601e-01	2.738424071045937325e-01	3.475493912909026761e-01	6.303232448152251699e-02	8.894961125728262363e-02	5.090033575949123312e-01	2.518590985942397165e-01	1.789214492572625659e+02	1.126259462400000095e+09	1.000000000000000056e-01	1.162795699866619969e+01	9.382322963961589934e+00	1.166009073232925353e-01	4.321244883487780726e+02	3.379988668472575545e+08	8.068763038113919706e-01	1.239347338961822809e+00	2.311130795889057055e+01	9.990669549951771700e+00	2.471440257105058103e-01	2.101027996262779141e+01	9.082426863592518274e+00	8.894961125728202689e-02	-0.000000000000000000e+00	-0.000000000000000000e+00	0.000000000000000000e+00	-0.000000000000000000e+00	-0.000000000000000000e+00	0.000000000000000000e+00	3.141592653589793116e+00	3.141592653589793116e+00	0.000000000000000000e+00	0.000000000000000000e+00	0.000000000000000000e+00	6.800568965181271741e-01	3.611197294455482876e+00	2.201761120645679881e+01	8.905045662190885780e-01	8.137353662755472117e-01	2.001601018768799634e+01	9.942697749397950702e-01	9.960465909854268052e-01	8.894961125728262363e-02	9.960465909854268052e-01
5.638123997538095722e+01	4.099497917902463939e+01	0.000000000000000000e+00	0.000000000000000000e+00	7.855469782356815367e-01	3.281719145649006908e-01	9.777385757653551668e-01	9.000837863343492673e-01	5.167752926994536589e-01	3.910791448184750552e-01	3.748557321477308246e-01	9.844090066992953192e-01	5.158939225011512235e+02	1.126259462400000095e+09	1.000000000000000056e-01	5.125567270489177218e+01	3.726816289002239557e+01	8.718770194203769863e-01	4.321244883487780726e+02	3.379988668472575545e+08	7.271031853312418525e-01	1.375320614974938183e+00	9.737621915440558951e+01	4.174731936484292305e+01	2.437583362122085207e-01	8.852383559491416065e+01	3.795210851349356318e+01	3.910791448184751662e-01	-0.000000000000000000e+00	-0.000000000000000000e+00	0.000000000000000000e+00	0.000000000000000000e+00	-0.000000000000000000e+00	0.000000000000000000e+00	3.141592653589793116e+00	0.000000000000000000e+00	0.000000000000000000e+00	0.000000000000000000e+00	0.000000000000000000e+00	6.723862874398353062e-01	3.494918513748014099e+00	9.288781103918103099e+01	7.070015453759375124e-01	9.466331407517056817e-01	8.444346458107365549e+01	4.080371013840505157e+00	9.244982430257131512e-01	3.910791448184750552e-01	9.244982430257131512e-01
6.090328426602769696e+01	4.440099378466884161e+01	0.000000000000000000e+00	0.000000000000000000e+00	2.813459211315372244e-02	3.898119198547612685e-01	3.115584109903380972e-01	3.610476104044649803e-01	1.530474317434595832e-01	7.472672852921270481e-01	9.954054432226816518e-01	4.477434381204625780e-03	3.574837174622306861e+02	1.126259462400000095e+09	1.000000000000000056e-01	5.536662206002517195e+01	4.036453980424440147e+01	1.985770449942070304e-01	4.321244883487780726e+02	3.379988668472575545e+08	7.290410413783883214e-01	1.371664890236238499e+00	1.053042780506965386e+02	4.515759863099934535e+01	2.438604515116392368e-01	9.573116186426956631e+01	4.105236239181758151e+01	7.472672852921270481e-01	-0.000000000000000000e+00	-0.000000000000000000e+00	0.000000000000000000e+00	-0.000000000000000000e+00	-0.000000000000000000e+00	0.000000000000000000e+00	3.141592653589793116e+00	3.141592653589793116e+00	0.000000000000000000e+00	0.000000000000000000e+00	0.000000000000000000e+00	6.726178018525835745e-01	3.498390651262425877e+00	1.004465689677242608e+02	9.996042484692807539e-01	9.249805493902941711e-01	9.131506269793113972e+01	4.416099166338426585e+00	7.335488587947677219e-01	7.472672852921270481e-01	7.335488587947677219e-01
5.510305286582273965e+01	5.383886490721339868e+01	0.000000000000000000e+00	0.000000000000000000e+00	8.267306700441265921e-01	4.423047435881710676e-01	9.481180470934413851e-02	1.268916879718121615e-01	4.750148887503837791e-01	7.300419526838679563e-01	6.242510047855668320e-01	1.043568292744330162e-01	3.856678841241806595e+02	1.126259462400000095e+09	1.000000000000000056e-01	5.009368442347521722e+01	4.894442264292126765e+01	3.472162322817949898e-01	4.321244883487780726e+02	3.379988668472575545e+08	9.770577510163063195e-01	1.023480954897322937e+00	1.089419177730361383e+02	4.741589256187550205e+01	2.499663354142260263e-01	9.903810706639647776e+01	4.310535687443227459e+01	7.300419526838680673e-01	-0.000000000000000000e+00	-0.000000000000000000e+00	0.000000000000000000e+00	-0.000000000000000000e+00	-0.000000000000000000e+00	0.000000000000000000e+00	3.141592653589793116e+00	3.141592653589793116e+00	0.000000000000000000e+00	0.000000000000000000e+00	0.000000000000000000e+00	6.864445722938712358e-01	3.709945052598764725e+00	1.036728389350185893e+02	6.772846902027058746e-01	9.037675798896586121e-01	9.424803539547143316e+01	4.790071670925044600e+00	7.451464247181363021e-01	7.300419526838679563e-01	7.451464247181363021e-01
2.698524295026069808e+01	1.754183935968932317e+01	0.000000000000000000e+00	0.000000000000000000e+00	3.643260135245972586e-01	7.901235478796053702e-01	1.253069921659043517e-01	4.208711853124079694e-01	6.809753419387428730e-01	1.439976096859860721e-01	1.780615437022803338e-02	1.874257038899129757e-02	2.140223188605811231e+02	1.126259462400000095e+09	1.000000000000000056e-01	2.453203904569154048e+01	1.594712669062665533e+01	8.929512919152062800e-01	4.321244883487780726e+02	3.379988668472575545e+08	6.500530453634421058e-01	1.538335997550636769e+00	4.452708230995001770e+01	1.885367556868439110e+01	2.387552803127974410e-01	4.047916573631819404e+01	1.713970506244035263e+01	1.439976096859862109e-01	-0.000000000000000000e+00	-0.000000000000000000e+00	0.000000000000000000e+00	-0.000000000000000000e+00	-0.000000000000000000e+00	0.000000000000000000e+00	3.141592653589793116e+00	3.141592653589793116e+00	0.000000000000000000e+00	0.000000000000000000e+00	0.000000000000000000e+00	6.610273909874518905e-01	3.327474230719610127e+00	4.255369058190490250e+01	9.343641279768610808e-01	7.037575476401063401e-01	3.868517325627718151e+01	1.793992480041012527e+00	9.896502465391617820e-01	1.439976096859860721e-01	9.896502465391617820e-01
1.038746485872822767e+01	7.042335608814179082e+00	0.000000000000000000e+00	0.000000000000000000e+00	4.488620255849005147e-01	6.445340194063456929e-01	4.622702900065426279e-01	5.900513332818647649e-01	4.809490706767061141e-03	5.426818634999320823e-01	2.564452562710458627e-01	3.703266965938560862e-01	2.253647453904366103e+02	1.126259462400000095e+09	1.000000000000000056e-01	9.443149871571115739e+00	6.402123280740162237e+00	6.170338984076519928e-01	4.321244883487780726e+02	3.379988668472575545e+08	6.779648070623072176e-01	1.475002816640446524e+00	1.742980046754240675e+01	7.417837039545030819e+00	2.407916676962696401e-01	1.584527315231127709e+01	6.743488217768208948e+00	5.426818634999320823e-01	-0.000000000000000000e+00	-0.000000000000000000e+00	0.000000000000000000e+00	-0.000000000000000000e+00	-0.000000000000000000e+00	0.000000000000000000e+00	3.141592653589793116e+00	3.141592653589793116e+00	0.000000000000000000e+00	0.000000000000000000e+00	0.000000000000000000e+00	6.656548893122664623e-01	3.394996698265548396e+00	1.664484636160145214e+01	9.009414988620847442e-01	7.993798269806690060e-01	1.513167851054677371e+01	7.135946417645033790e-01	8.563267559800619155e-01	5.426818634999320823e-01	8.563267559800619155e-01
4.165951174290951542e+01	2.397318029666956818e+01	0.000000000000000000e+00	0.000000000000000000e+00	4.309471162827238633e-02	3.638376425969946926e-02	8.082631215533228053e-01	9.783974538943208676e-01	6.589066706050198396e-01	3.888157941431460429e-01	6.372264871334440972e-01	1.901491811828981415e-01	1.646068940740011612e+02	1.126259462400000095e+09	1.000000000000000056e-01	3.787228340264501014e+01	2.179380026969960582e+01	9.917142919300530046e-01	4.321244883487780726e+02	3.379988668472575545e+08	5.754551432242799303e-01	1.737754908917820584e+00	6.563269203957908360e+01	2.730485362715584330e+01	2.318458845989572747e-01	5.966608367234461952e+01	2.482259420650531112e+01	3.888157941431459319e-01	-0.000000000000000000e+00	-0.000000000000000000e+00	0.000000000000000000e+00	0.000000000000000000e+00	-0.000000000000000000e+00	0.000000000000000000e+00	3.141592653589793116e+00	0.000000000000000000e+00	0.000000000000000000e+00	0.000000000000000000e+00	0.000000000000000000e+00	6.452729451799729121e-01	3.104845822285771106e+00	6.287945365402369902e+01	9.990715666151758212e-01	9.993381838621334667e-01	5.716313968547608226e+01	2.502943986868537252e+00	9.253586325799488810e-01	3.888157941431460429e-01	9.253586325799488810e-01
3.445377851541717718e+01	2.125156341550872696e+01	0.000000000000000000e+00	0.000000000000000000e+00	4.917930032422090925e-02	2.875956419635883332e-01	4.033298670774149164e-01	3.926699629952367099e-01	2.195095445903737508e-01	3.927720244883888823e-01	7.121528016666713867e-01	7.923873890072657966e-01	3.664776187681889041e+02	1.126259462400000095e+09	1.000000000000000056e-01	3.132161683219743153e+01	1.931960310500793199e+01	5.972042697433410652e-02	4.321244883487780726e+02	3.379988668472575545e+08	6.168137235223475345e-01	1.621235004774937316e+00	5.570534193092590414e+01	2.342056009439888697e+01	2.359576456313584314e-01	5.064121993720536352e+01	2.129141826763535050e+01	3.927720244883889378e-01	-0.000000000000000000e+00	-0.000000000000000000e+00	0.000000000000000000e+00	-0.000000000000000000e+00	-0.000000000000000000e+00	0.000000000000000000e+00	3.141592653589793116e+00	3.141592653589793116e+00	0.000000000000000000e+00	0.000000000000000000e+00	0.000000000000000000e+00	6.546591620730404237e-01	3.236127054444053464e+00	5.329061423022072574e+01	9.987909419252976040e-01	9.589286366080534973e-01	4.844601293656429419e+01	2.195207000641069328e+00	9.238516160563762236e-01	3.927720244883888823e-01	9.238516160563762236e-01
3.227356242164276523e+01	1.688776704820643104e+01	0.000000000000000000e+00	0.000000000000000000e+00	8.389195794668136141e-02	4.492584957362113496e-01	2.102223637777982379e-01	6.194502081707577990e-01	5.372695191789771396e-01	9.257013782533897173e-01	3.233794308402644369e-01	7.477258733056237894e-01	4.270435668165283687e+02	1.126259462400000095e+09	1.000000000000000056e-01	2.933960220149342035e+01	1.535251549836948115e+01	6.713813344744467004e-01	4.321244883487780726e+02	3.379988668472575545e+08	5.232693815319697794e-01	1.911061558909316282e+00	4.916132946984919272e+01	2.011531129046174016e+01	2.255131638642388359e-01	4.469211769986289795e+01	1.828664662769249105e+01	9.257013782533897173e-01	-0.000000000000000000e+00	-0.000000000000000000e+00	0.000000000000000000e+00	-0.000000000000000000e+00	-0.000000000000000000e+00	0.000000000000000000e+00	3.141592653589793116e+00	3.141592653589793116e+00	0.000000000000000000e+00	0.000000000000000000e+00	0.000000000000000000e+00	6.307425596577646010e-01	2.909549131961091994e+00	4.720188969169231541e+01	9.964831330235838225e-01	9.007693835755041789e-01	4.291080881062937635e+01	1.781308889233521597e+00	6.012743091613470536e-01	9.257013782533897173e-01	6.012743091613470536e-01
1.217573298290224670e+01	8.209661960057093921e+00	0.000000000000000000e+00	0.000000000000000000e+00	4.052801997056268979e-01	8.498071223523164797e-01	8.534508900776195395e-01	9.529887965540885242e-01	9.889295771483190833e-01	8.871244950540243535e-01	6.412838943676136827e-01	4.716447535672445568e-01	3.704804578201257073e+02	1.126259462400000095e+09	1.000000000000000056e-01	1.106884816627476908e+01	7.463329054597357626e+00	8.486492574393689203e-02	4.321244883487780726e+02	3.379988668472575545e+08	6.742642904197635456e-01	1.483097969458607279e+00	2.038539494295934063e+01	8.670185877029487287e+00	2.405371332805759099e-01	1.853217722087212493e+01	7.881987160935897130e+00	8.871244950540243535e-01	-0.000000000000000000e+00	-0.000000000000000000e+00	0.000000000000000000e+00	0.000000000000000000e+00	-0.000000000000000000e+00	0.000000000000000000e+00	3.141592653589793116e+00	0.000000000000000000e+00	0.000000000000000000e+00	0.000000000000000000e+00	0.000000000000000000e+00	6.650768156540373122e-01	3.386509360540895575e+00	1.946916937753521637e+01	9.189919571463259773e-01	6.601280388051017356e-01	1.769924488866837820e+01	8.329323322037467392e-01	6.316438949938797398e-01	8.871244950540243535e-01	6.316438949938797398e-01
3.927478065874112190e+01	3.506611354104312994e+01	0.000000000000000000e+00	0.000000000000000000e+00	9.991351562562921229e-01	6.246320672213098169e-01	2.979003118352006041e-01	8.741994381781306167e-01	6.797119363365619060e-01	2.557154163170121119e-01	8.837857589103718103e-01	9.777702007201591883e-01	4.437314151262993391e+02	1.126259462400000095e+09	1.000000000000000056e-01	3.570434605340101797e+01	3.187828503731193308e+01	1.411851568181393679e-01	4.321244883487780726e+02	3.379988668472575545e+08	8.928404679260431021e-01	1.120020917424223716e+00	7.434089419978425894e+01	3.229648703347691452e+01	2.491987397448351682e-01	6.758263109071295105e+01	2.936044275770628431e+01	2.557154163170120564e-01	-0.000000000000000000e+00	-0.000000000000000000e+00	0.000000000000000000e+00	-0.000000000000000000e+00	-0.000000000000000000e+00	0.000000000000000000e+00	3.141592653589793116e+00	3.141592653589793116e+00	0.000000000000000000e+00	0.000000000000000000e+00	0.000000000000000000e+00	6.847077182122959238e-01	3.682925273312497083e+00	7.076653477176684248e+01	5.410298446333308142e-01	8.111783410739229483e-01	6.433321342887894900e+01	3.249417661834002047e+00	9.674825875877924863e-01	2.557154163170121119e-01	9.674825875877924863e-01
6.695044427002426346e+01	4.896756738840699086e+01	0.000000000000000000e+00	0.000000000000000000e+00	8.286257786607303943e-01	8.183116635924920779e-01	1.984259351313641950e-01	5.576523337727000706e-01	1.668681119878058228e-01	7.495614009778854836e-01	2.674320684596954711e-01	8.742526707946247644e-01	5.290145136068676948e+02	1.126259462400000095e+09	1.000000000000000056e-01	6.086404024547659475e+01	4.451597035309725925e+01	8.372805091156225732e-01	4.321244883487780726e+02	3.379988668472575545e+08	7.314001859481498169e-01	1.367240560246304915e+00	1.159180116584312543e+02	4.972410915303643009e+01	2.439833256741248957e-01	1.053800105985738611e+02	4.520373559366947802e+01	7.495614009778855946e-01	-0.000000000000000000e+00	-0.000000000000000000e+00	0.000000000000000000e+00	-0.000000000000000000e+00	-0.000000000000000000e+00	0.000000000000000000e+00	3.141592653589793116e+00	3.141592653589793116e+00	0.000000000000000000e+00	0.000000000000000000e+00	0.000000000000000000e+00	6.728963655603562577e-01	3.502571519126350452e+00	1.105655604863293320e+02	6.758892035431487422e-01	6.834546544960280468e-01	1.005141458966630239e+02	4.865864701910837198e+00	7.319877645806528443e-01	7.495614009778854836e-01	7.319877645806528443e-01
4.733624580659782310e+01	3.566700324723333893e+01	0.000000000000000000e+00	0.000000000000000000e+00	8.148315666602548024e-01	6.907129559750944114e-01	9.439844170543600921e-01	1.586684510374402057e-01	1.322609547231975435e-01	2.622339364350375623e-01	7.940916025433855108e-01	5.079773716729429900e-01	4.428487036724315544e+02	1.126259462400000095e+09	1.000000000000000056e-01	4.303295073327074505e+01	3.242454840657575943e+01	4.416242333368044504e-01	4.321244883487780726e+02	3.379988668472575545e+08	7.534818750299373535e-01	1.327171937560233994e+00	8.300324905383115492e+01	3.569909784436718070e+01	2.450587689930148749e-01	7.545749913984650448e+01	3.245372531306107078e+01	2.622339364350375068e-01	-0.000000000000000000e+00	-0.000000000000000000e+00	0.000000000000000000e+00	-0.000000000000000000e+00	-0.000000000000000000e+00	0.000000000000000000e+00	3.141592653589793116e+00	3.141592653589793116e+00	0.000000000000000000e+00	0.000000000000000000e+00	0.000000000000000000e+00	6.753337992901352616e-01	3.539298524103928756e+00	7.913837100094963262e+01	6.859909569801768692e-01	7.707919960335526399e-01	7.194397363722693228e+01	3.513525502619572194e+00	9.658132656305157271e-01	2.622339364350375623e-01	9.658132656305157271e-01
3.464144212792683675e+01	2.894132415126404823e+01	0.000000000000000000e+00	0.000000000000000000e+00	4.301606474591612717e-02	1.806607660699606210e-01	1.948100420506907460e-01	7.456810786722378737e-02	9.133491251927272625e-01	1.407729451231777285e-01	8.787512362081759676e-01	9.458349900430953472e-01	3.550121310832123527e+02	1.126259462400000095e+09	1.000000000000000056e-01	3.149222011629712270e+01	2.631029468296731366e+01	3.691773741623840532e-01	4.321244883487780726e+02	3.379988668472575545e+08	8.354537909936626816e-01	1.196954290925690945e+00	6.358276627919088497e+01	2.754233350821806070e+01	2.479907736728912404e-01	5.780251479926443636e+01	2.503848500747096395e+01	1.407729451231779227e-01	-0.000000000000000000e+00	-0.000000000000000000e+00	0.000000000000000000e+00	-0.000000000000000000e+00	-0.000000000000000000e+00	0.000000000000000000e+00	3.141592653589793116e+00	3.141592653589793116e+00	0.000000000000000000e+00	0.000000000000000000e+00	0.000000000000000000e+00	6.819738176491100257e-01	3.640650555538839761e+00	6.055405299892298387e+01	9.990749517411261493e-01	9.837251813502158049e-01	5.504913908992998017e+01	2.753375709334456189e+00	9.901078412540708085e-01	1.407729451231777285e-01	9.901078412540708085e-01
1.929947488750337570e+01	1.392746223084303736e+01	0.000000000000000000e+00	0.000000000000000000e+00	5.035864199278820008e-01	4.636318644048786908e-01	9.802408794336728848e-01	5.595171348420719948e-01	9.118370611429053030e-01	5.137611363787153440e-02	2.857041901162566955e-01	6.432599558982686760e-01	5.004450516024994613e+02	1.126259462400000095e+09	1.000000000000000056e-01	1.754497717045761362e+01	1.266132930076639695e+01	6.792951890377618707e-02	4.321244883487780726e+02	3.379988668472575545e+08	7.216498019778363471e-01	1.385713676161602459e+00	3.322693711834641306e+01	1.423483466581741297e+01	2.434651827923887679e-01	3.020630647122401058e+01	1.294075878710673777e+01	5.137611363787100704e-02	-0.000000000000000000e+00	-0.000000000000000000e+00	0.000000000000000000e+00	-0.000000000000000000e+00	-0.000000000000000000e+00	0.000000000000000000e+00	3.141592653589793116e+00	3.141592653589793116e+00	0.000000000000000000e+00	0.000000000000000000e+00	0.000000000000000000e+00	6.717215904517329639e-01	3.484962768003667222e+00	3.169889315281258746e+01	8.758575003643791490e-01	8.944342320864091533e-01	2.881717559346598634e+01	1.389130877758024241e+00	9.986805377393164207e-01	5.137611363787153440e-02	9.986805377393164207e-01
5.154676998103401075e+01	3.101263292457450760e+01	0.000000000000000000e+00	0.000000000000000000e+00	6.210728878723247304e-01	5.078686065275653805e-01	3.032829092043128894e-01	7.068461969895468711e-01	4.182559287717620977e-01	1.394950130303296287e-01	5.126309313294982184e-01	1.101929603869112873e-01	1.027793775635493461e+02	1.126259462400000095e+09	1.000000000000000056e-01	4.686069998275818449e+01	2.819330265870409491e+01	7.493934499281490469e-01	4.321244883487780726e+02	3.379988668472575545e+08	6.016406641189199211e-01	1.662121694291496032e+00	8.255940290560852191e+01	3.458523640548209954e+01	2.345346470887304524e-01	7.505400264146229006e+01	3.144112400498372395e+01	1.394950130303296287e-01	-0.000000000000000000e+00	-0.000000000000000000e+00	0.000000000000000000e+00	-0.000000000000000000e+00	-0.000000000000000000e+00	0.000000000000000000e+00	3.141592653589793116e+00	3.141592653589793116e+00	0.000000000000000000e+00	0.000000000000000000e+00	0.000000000000000000e+00	6.514146044257337342e-01	3.190292974946645543e+00	7.902087755836873839e+01	8.132546027820196644e-01	8.737830222875816455e-01	7.183716141669884792e+01	3.216841224763442142e+00	9.902863374058460399e-01	1.394950130303296287e-01	9.902863374058460399e-01
4.462859444037455603e+01	4.219376812558398626e+01	0.000000000000000000e+00	0.000000000000000000e+00	2.769386949693088962e-01	5.061934596438411038e-01	2.876614304674561806e-01	2.687899536391066269e-01	3.956291211148714737e-01	2.026048892016221181e-01	3.846976957123018348e-01	6.821999950049392192e-01	2.500927261622025526e+02	1.126259462400000095e+09	1.000000000000000056e-01	4.057144949124959510e+01	3.835797102325816610e+01	3.950683444940156219e-01	4.321244883487780726e+02	3.379988668472575545e+08	9.454424602584429183e-01	1.057705827731328485e+00	8.682236256595854229e+01	3.777379270955316315e+01	2.498033867494231508e-01	7.892942051450775409e+01	3.433981155413923858e+01	2.026048892016222014e-01	-0.000000000000000000e+00	-0.000000000000000000e+00	0.000000000000000000e+00	-0.000000000000000000e+00	-0.000000000000000000e+00	0.000000000000000000e+00	3.141592653589793116e+00	3.141592653589793116e+00	0.000000000000000000e+00	0.000000000000000000e+00	0.000000000000000000e+00	6.860758869126332149e-01	3.704199019611212229e+00	8.262838387939464724e+01	9.618969426220473906e-01	8.745964466323326025e-01	7.511671261763149232e+01	3.812707896876261771e+00	9.795457417386189691e-01	2.026048892016221181e-01	9.795457417386189691e-01
6.508843746552247467e+01	5.323710757795274873e+01	0.000000000000000000e+00	0.000000000000000000e+00	8.349288790166122798e-01	7.469809318483712213e-01	1.118886317968931232e-01	2.498998274271180264e-02	7.430540224954547135e-01	6.955526203645422401e-01	5.370977842178068506e-01	1.274127663086104256e-01	5.759973008398408183e+02	1.126259462400000095e+09	1.000000000000000056e-01	5.917130678683860623e+01	4.839737052541158846e+01	8.812758112383276554e-01	4.321244883487780726e+02	3.379988668472575545e+08	8.179195822015636885e-01	1.222614083047550038e+00	1.183255450434752163e+02	5.119355345020407100e+01	2.474920599228187523e-01	1.075686773122501876e+02	4.653959404564005808e+01	6.955526203645423511e-01	-0.000000000000000000e+00	-0.000000000000000000e+00	0.000000000000000000e+00	-0.000000000000000000e+00	-0.000000000000000000e+00	0.000000000000000000e+00	3.141592653589793116e+00	3.141592653589793116e+00	0.000000000000000000e+00	0.000000000000000000e+00	0.000000000000000000e+00	6.808448574987518986e-01	3.623285320657518405e+00	1.127109110200166526e+02	6.712304026992201855e-01	7.337434450326293378e-01	1.024644645636514895e+02	5.104212748598698113e+00	7.676996944973639714e-01	6.955526203645422401e-01	7.676996944973639714e-01
