cos_tilt_2
9.930353298351087821e-01
8.190644249980475466e-01
9.607641074822415028e-01
6.559167210951790672e-01
9.803914306985268556e-01
6.418990759791509682e-01
5.826303109456215656e-01
8.300746819727182757e-01
9.717747411454012996e-01
9.817549025071288238e-01
7.471186342863489482e-01
6.918061968444328969e-01
8.803883847821373232e-01
8.946810615946667600e-01
8.629395570373850077e-01
5.733008427442067845e-01
9.331020529682808595e-01
9.868328203567773294e-01
7.754879644361193369e-01
7.432386197969946817e-01
6.298109360514138055e-01
7.851935734561753533e-01
9.230129565505783562e-01
9.544358745109602360e-01
9.560838914217917317e-01
7.267618798558117543e-01
9.995924194579199895e-01
9.801286360561654032e-01
8.827584775531979178e-01
9.600658315652395025e-01
8.721422489241664744e-01
6.751646448744985651e-01
8.137353662755472117e-01
9.466331407517056817e-01
9.249805493902941711e-01
9.037675798896586121e-01
7.037575476401063401e-01
7.993798269806690060e-01
9.993381838621334667e-01
9.589286366080534973e-01
9.007693835755041789e-01
6.601280388051017356e-01
8.111783410739229483e-01
6.834546544960280468e-01
7.707919960335526399e-01
9.837251813502158049e-01
8.944342320864091533e-01
8.737830222875816455e-01
8.745964466323326025e-01
7.337434450326293378e-01
