final_mass_non_evolved
9.420224100251465416e+01
2.330693540842541012e+01
8.352888392298362419e+01
1.104228892032895146e+02
1.203703458047852166e+02
7.618200699981329649e+01
6.513227733266801067e+01
6.260075178545478991e+01
7.244745730829873764e+01
5.685804966394898941e+01
8.299264859495609414e+01
9.222417145194805244e+01
4.920724899528192964e+01
4.626559269059323753e+01
4.777902265933572323e+01
9.885329161746224713e+01
7.516593614427782200e+01
6.478517565740786210e+01
1.040881867442762001e+02
2.079237023206461998e+01
4.901657257551218549e+01
1.305819297835344344e+02
3.352114238136473290e+01
1.054301625489139838e+02
7.883948470966026889e+01
6.199259070964212981e+01
6.470812545271964211e+01
6.513283856814828710e+01
1.111083429140324768e+02
5.577575188260628636e+01
2.105809601979150614e+01
1.192414365862713765e+02
2.201761120645679881e+01
9.288781103918103099e+01
1.004465689677242608e+02
1.036728389350185893e+02
4.255369058190490250e+01
1.664484636160145214e+01
6.287945365402369902e+01
5.329061423022072574e+01
4.720188969169231541e+01
1.946916937753521637e+01
7.076653477176684248e+01
1.105655604863293320e+02
7.913837100094963262e+01
6.055405299892298387e+01
3.169889315281258746e+01
7.902087755836873839e+01
8.262838387939464724e+01
1.127109110200166526e+02
