dec
6.098708094225074872e-01
2.512671054913042656e-01
4.826694370138500112e-01
5.125494476917045183e-01
1.344100894286310854e-01
6.191610163672529588e-01
9.513395513366474932e-01
7.981039042202182632e-01
7.231912274435534638e-01
6.340383820561487083e-01
6.416481212367471931e-01
6.824710441669199490e-01
6.828099697865742668e-01
3.324009697375922556e-01
1.058111752491209812e-01
9.285013782441607910e-01
2.636495988780184208e-01
7.820402618145677609e-01
4.728735621213099316e-01
1.338181318350929461e-01
7.494723432260732565e-01
2.353566844477331665e-01
9.760175623380600296e-01
1.318420859627206232e-01
2.572775093089620935e-01
6.776561516259685947e-01
5.765213825515124180e-01
2.699870012073343206e-01
7.152811570540740238e-01
3.428364413802436061e-01
8.830424882392529096e-01
6.951144103956600206e-01
2.518590985942397165e-01
9.844090066992953192e-01
4.477434381204625780e-03
1.043568292744330162e-01
1.874257038899129757e-02
3.703266965938560862e-01
1.901491811828981415e-01
7.923873890072657966e-01
7.477258733056237894e-01
4.716447535672445568e-01
9.777702007201591883e-01
8.742526707946247644e-01
5.079773716729429900e-01
9.458349900430953472e-01
6.432599558982686760e-01
1.101929603869112873e-01
6.821999950049392192e-01
1.274127663086104256e-01
