luminosity_distance
5.285603768302732988e+02
3.979140048131279741e+02
3.410797144902657010e+02
5.416143928142339519e+02
1.083375303642876304e+02
5.697679834963657868e+02
1.873744259396164580e+02
1.406362627110028427e+02
2.332921812787145086e+02
4.434685796459089033e+02
4.198144986621231283e+02
5.403913479271516280e+02
1.529658458764376974e+02
1.825654159506996166e+02
1.261458149569157001e+02
5.545744824015387167e+02
3.484010821870373888e+02
2.552355811556776928e+02
1.833766974624056729e+02
5.862458090120455836e+02
3.977937282366075920e+02
4.060844716894606563e+02
4.419603098313942837e+02
1.353617478028911023e+02
4.787805209774967921e+02
2.564542890911593531e+02
4.155007489764103639e+02
1.588213989777743222e+02
4.843385547298486813e+02
5.822136124562149462e+02
3.246072744043030980e+02
4.147120658795689110e+02
1.789214492572625659e+02
5.158939225011512235e+02
3.574837174622306861e+02
3.856678841241806595e+02
2.140223188605811231e+02
2.253647453904366103e+02
1.646068940740011612e+02
3.664776187681889041e+02
4.270435668165283687e+02
3.704804578201257073e+02
4.437314151262993391e+02
5.290145136068676948e+02
4.428487036724315544e+02
3.550121310832123527e+02
5.004450516024994613e+02
1.027793775635493461e+02
2.500927261622025526e+02
5.759973008398408183e+02
