log_likelihood
2.227536581313872555e-01
9.922592294876191321e-01
3.055007696575119391e-01
5.978168873014499951e-03
2.342060522066808925e-01
2.481547794756681080e-01
1.024941347304993977e-01
5.886323190849075404e-01
5.311501483237561771e-01
1.209365536809415831e-01
7.411372137316080133e-01
4.140805996096142971e-01
9.186120696490559512e-01
7.553478000631785871e-01
7.674322004927275342e-01
6.199291860598936665e-01
7.883326713593805657e-01
1.784325325149409558e-01
2.068455784622548199e-01
1.212304027866035749e-01
8.930235769918714039e-01
8.423842995450285809e-01
1.320282725671049207e-01
7.389790561462793450e-01
5.625811723559758226e-01
8.362043318606388054e-01
4.656639881449650131e-01
8.336545257236992468e-01
9.751941867605355974e-01
3.887122837114898033e-01
2.435984880705515110e-01
6.172667952527466362e-02
1.166009073232925353e-01
8.718770194203769863e-01
1.985770449942070304e-01
3.472162322817949898e-01
8.929512919152062800e-01
6.170338984076519928e-01
9.917142919300530046e-01
5.972042697433410652e-02
6.713813344744467004e-01
8.486492574393689203e-02
1.411851568181393679e-01
8.372805091156225732e-01
4.416242333368044504e-01
3.691773741623840532e-01
6.792951890377618707e-02
7.493934499281490469e-01
3.950683444940156219e-01
8.812758112383276554e-01
