chirp_mass
4.189688415159073998e+01
1.043960969131071437e+01
3.640610380938395707e+01
4.998089709599825170e+01
5.505784445621265633e+01
3.333175852077036438e+01
2.820454772976081870e+01
2.713817053843150973e+01
3.218740953486469891e+01
2.599673379995479294e+01
3.689326594989619679e+01
4.146582752000758632e+01
2.250447488695747822e+01
2.066861189921980113e+01
2.141801704313572685e+01
4.520974373900144627e+01
3.322400261911490560e+01
2.829280982600413807e+01
4.743455693248524341e+01
9.314299574782712199e+00
2.220308969191096793e+01
5.972399818117260395e+01
1.528942897265330458e+01
4.738535262734048814e+01
3.418816507491062140e+01
2.832328256118616494e+01
2.933252337202686988e+01
2.797342426407955784e+01
5.081928015169816604e+01
2.492965755300085107e+01
8.954220679882878287e+00
5.453397562093640261e+01
9.990669549951771700e+00
4.174731936484292305e+01
4.515759863099934535e+01
4.741589256187550205e+01
1.885367556868439110e+01
7.417837039545030819e+00
2.730485362715584330e+01
2.342056009439888697e+01
2.011531129046174016e+01
8.670185877029487287e+00
3.229648703347691452e+01
4.972410915303643009e+01
3.569909784436718070e+01
2.754233350821806070e+01
1.423483466581741297e+01
3.458523640548209954e+01
3.777379270955316315e+01
5.119355345020407100e+01
