final_spin_non_evolved
6.640539400379665835e-01
6.696849702821187078e-01
6.481552523592201132e-01
6.780580706143730652e-01
6.865206344171719266e-01
6.511567807887697068e-01
6.431101955586845387e-01
6.439655685341433289e-01
6.632195718731100920e-01
6.861980684706914246e-01
6.636654671128890959e-01
6.727094948510948802e-01
6.864088530439972358e-01
6.675853481342598483e-01
6.703141258005617109e-01
6.864109289650613954e-01
6.591596030066174672e-01
6.497067237744730273e-01
6.835276040038605894e-01
6.697713880688241916e-01
6.786604233708684042e-01
6.864573594793114131e-01
6.842330371931103494e-01
6.724035297471261385e-01
6.442000334427114838e-01
6.855956024582932073e-01
6.792531525335364639e-01
6.367319643731145229e-01
6.864873071063636312e-01
6.679838972599663194e-01
6.290488266564285835e-01
6.864091556365456981e-01
6.800568965181271741e-01
6.723862874398353062e-01
6.726178018525835745e-01
6.864445722938712358e-01
6.610273909874518905e-01
6.656548893122664623e-01
6.452729451799729121e-01
6.546591620730404237e-01
6.307425596577646010e-01
6.650768156540373122e-01
6.847077182122959238e-01
6.728963655603562577e-01
6.753337992901352616e-01
6.819738176491100257e-01
6.717215904517329639e-01
6.514146044257337342e-01
6.860758869126332149e-01
6.808448574987518986e-01
