cos_iota
9.654452498526219228e-01
8.614922969574227984e-01
9.009364760533012939e-01
6.316729829381784178e-01
9.758624246021416759e-01
9.977536131552163789e-01
6.908684695619886629e-01
9.900343416529429064e-01
6.651288247764888251e-01
9.957135071772265089e-01
6.911421047562571474e-01
7.228278013666771251e-01
9.897908128843276865e-01
9.056463842137009168e-01
9.811782787452394405e-01
6.599915414746903020e-01
8.983186875118497339e-01
7.133879875852446872e-01
8.498469279024980505e-01
6.479140957901968756e-01
6.998871221764830786e-01
6.029390341490186156e-01
7.427083490831910551e-01
9.664890241188548448e-01
6.953835606500851085e-01
9.982780229586842857e-01
8.268759245195727026e-01
9.800364728185767538e-01
7.069961927432630855e-01
6.570158904146073953e-01
8.383612895392903441e-01
7.456159982308907530e-01
9.960465909854268052e-01
9.244982430257131512e-01
7.335488587947677219e-01
7.451464247181363021e-01
9.896502465391617820e-01
8.563267559800619155e-01
9.253586325799488810e-01
9.238516160563762236e-01
6.012743091613470536e-01
6.316438949938797398e-01
9.674825875877924863e-01
7.319877645806528443e-01
9.658132656305157271e-01
9.901078412540708085e-01
9.986805377393164207e-01
9.902863374058460399e-01
9.795457417386189691e-01
7.676996944973639714e-01
