inverted_mass_ratio
1.497283125184266206e+00
1.416705147696533551e+00
1.702508486855457193e+00
1.278654611909894045e+00
1.000864273326368403e+00
1.665339571021415832e+00
1.763960694550500641e+00
1.753618819360866388e+00
1.508731149325887699e+00
1.048937085360578614e+00
1.502626425396185406e+00
1.370211698254264032e+00
1.028530021439330921e+00
1.447514957469718588e+00
1.407258452867197862e+00
1.028260356757195071e+00
1.563082124896817415e+00
1.683361023366319431e+00
1.156889652928611456e+00
1.415413885116759918e+00
1.267211213876321629e+00
1.021397393874622139e+00
1.135823757083592067e+00
1.375049005254944001e+00
1.750778984884348022e+00
1.084291819094419296e+00
1.255631396961368385e+00
1.840300529613552616e+00
1.015495306383390473e+00
1.441745128454851477e+00
1.930959512706036163e+00
1.028490866539585546e+00
1.239347338961822809e+00
1.375320614974938183e+00
1.371664890236238499e+00
1.023480954897322937e+00
1.538335997550636769e+00
1.475002816640446524e+00
1.737754908917820584e+00
1.621235004774937316e+00
1.911061558909316282e+00
1.483097969458607279e+00
1.120020917424223716e+00
1.367240560246304915e+00
1.327171937560233994e+00
1.196954290925690945e+00
1.385713676161602459e+00
1.662121694291496032e+00
1.057705827731328485e+00
1.222614083047550038e+00
