tilt_2
1.180912329666428118e-01
6.110179811110102444e-01
2.810522629658763760e-01
8.553998778375780931e-01
1.983582071830818361e-01
8.738239607364897132e-01
9.488350155396007013e-01
5.915547336476866258e-01
2.381556001205146211e-01
1.913157056614079865e-01
7.270797710217943299e-01
8.068088921995110185e-01
4.941158084372684334e-01
4.630796144451073681e-01
5.297378685908172846e-01
9.602674866562589395e-01
3.678516973255723244e-01
1.624572393266927595e-01
6.833087228064714802e-01
7.328981015133246846e-01
8.894865435980451318e-01
6.677876684877214197e-01
3.949573994902617624e-01
3.030326953675299695e-01
2.974604657186008527e-01
7.572003887897885699e-01
2.855199579968736856e-02
1.996873895717738989e-01
4.890948639952278354e-01
2.835589016344135516e-01
5.112323314637325922e-01
8.296084506570304828e-01
6.202462255757149601e-01
3.281719145649006908e-01
3.898119198547612685e-01
4.423047435881710676e-01
7.901235478796053702e-01
6.445340194063456929e-01
3.638376425969946926e-02
2.875956419635883332e-01
4.492584957362113496e-01
8.498071223523164797e-01
6.246320672213098169e-01
8.183116635924920779e-01
6.907129559750944114e-01
1.806607660699606210e-01
4.636318644048786908e-01
5.078686065275653805e-01
5.061934596438411038e-01
7.469809318483712213e-01
