total_mass_source
8.965365959049591993e+01
2.220201001024698328e+01
7.929547891146162897e+01
1.053352218463892314e+02
1.149906589758195423e+02
7.235472832476489202e+01
6.178333508742886693e+01
5.938972973735375405e+01
6.893998318166644879e+01
5.431387464688558708e+01
7.898034660316312738e+01
8.789610166471599939e+01
4.700713064319703705e+01
4.405702978490695187e+01
4.551866533483296706e+01
9.443346980311879690e+01
7.148011053571039497e+01
6.151654892200398450e+01
9.938492482809283501e+01
1.980693680997491057e+01
4.676292850990129324e+01
1.247444931849232148e+02
3.201035622356905463e+01
1.004772212637860633e+02
7.479820045645958260e+01
5.921250302440046909e+01
6.173922840303997361e+01
6.172439617675019008e+01
1.061419888344461100e+02
5.311668072289455722e+01
1.993347385261280635e+01
1.139100070723156364e+02
2.101027996262779141e+01
8.852383559491416065e+01
9.573116186426956631e+01
9.903810706639647776e+01
4.047916573631819404e+01
1.584527315231127709e+01
5.966608367234461952e+01
5.064121993720536352e+01
4.469211769986289795e+01
1.853217722087212493e+01
6.758263109071295105e+01
1.053800105985738611e+02
7.545749913984650448e+01
5.780251479926443636e+01
3.020630647122401058e+01
7.505400264146229006e+01
7.892942051450775409e+01
1.075686773122501876e+02
