viewing_angle
2.636498042750937687e-01
5.325950215229038331e-01
4.488736003230437976e-01
8.870869741717364310e-01
2.201604372873834370e-01
6.704070988991805979e-02
8.081067272417844505e-01
1.412958234884379438e-01
8.431300031796803429e-01
9.262352470986678910e-02
8.077281766257320417e-01
7.629105525226631546e-01
1.430147252142085490e-01
4.378947085850906085e-01
1.943247913592129894e-01
8.499888249036430254e-01
4.548687781288602849e-01
7.764752689584563106e-01
5.551015441047563170e-01
8.659535273238518904e-01
7.955568785107079988e-01
9.236163417236693540e-01
7.336903535076269023e-01
2.596144484169917721e-01
8.018428315374361848e-01
5.869363626828971725e-02
5.972665981675548963e-01
2.001514767213901091e-01
7.855545468465288117e-01
8.539427798769341216e-01
5.765262645489623861e-01
7.293375625532979578e-01
8.894961125728262363e-02
3.910791448184750552e-01
7.472672852921270481e-01
7.300419526838679563e-01
1.439976096859860721e-01
5.426818634999320823e-01
3.888157941431460429e-01
3.927720244883888823e-01
9.257013782533897173e-01
8.871244950540243535e-01
2.557154163170121119e-01
7.495614009778854836e-01
2.622339364350375623e-01
1.407729451231777285e-01
5.137611363787153440e-02
1.394950130303296287e-01
2.026048892016221181e-01
6.955526203645422401e-01
