final_mass_source_non_evolved
8.563840091137694799e+01
2.118812309856855336e+01
7.593534902089419347e+01
1.003844447302631835e+02
1.094275870952592840e+02
6.925636999983026953e+01
5.921116121151636946e+01
5.690977435041344279e+01
6.586132482572611480e+01
5.168913605813543910e+01
7.544786235905098692e+01
8.384015586540731135e+01
4.473386272298356658e+01
4.205962971872111922e+01
4.343547514485065619e+01
8.986662874314748706e+01
6.833266922207074856e+01
5.889561423400714091e+01
9.462562431297835985e+01
1.890215475642238019e+01
4.456052052319289203e+01
1.187108452577585638e+02
3.047376580124066336e+01
9.584560231719451906e+01
7.167225882696386918e+01
5.635690064512920117e+01
5.882556859338149025e+01
5.921167142558934415e+01
1.010075844673022374e+02
5.070522898418752789e+01
1.914372365435591306e+01
1.084013059875194216e+02
2.001601018768799634e+01
8.444346458107365549e+01
9.131506269793113972e+01
9.424803539547143316e+01
3.868517325627718151e+01
1.513167851054677371e+01
5.716313968547608226e+01
4.844601293656429419e+01
4.291080881062937635e+01
1.769924488866837820e+01
6.433321342887894900e+01
1.005141458966630239e+02
7.194397363722693228e+01
5.504913908992998017e+01
2.881717559346598634e+01
7.183716141669884792e+01
7.511671261763149232e+01
1.024644645636514895e+02
