phi_jl
2.417662932527850916e-01
6.013731275422917744e-02
8.690915111825114892e-01
2.935015581362097059e-01
8.292149093742201549e-01
3.506094910196108083e-01
2.020173512975977914e-01
8.790005515634675692e-01
5.154296535544239388e-01
4.968664343329384225e-01
4.886337017858913834e-01
5.453266664014588816e-02
3.705291173588014519e-01
8.353303278541164278e-01
9.856219600534821268e-01
2.578057775431515930e-01
3.510971544340512063e-01
3.547521890397281608e-01
1.977244923999712523e-01
9.436318202446927206e-01
5.875947287605575164e-01
9.963128409400627827e-01
9.156185390780902100e-01
3.644016966275251956e-01
4.147528907570791068e-01
5.494408603748126563e-01
6.183324604773100530e-01
2.165142479398790565e-01
5.955205191909321849e-01
2.186427710804461633e-02
9.447976258865380395e-01
7.211175618082444894e-01
2.738424071045937325e-01
9.777385757653551668e-01
3.115584109903380972e-01
9.481180470934413851e-02
1.253069921659043517e-01
4.622702900065426279e-01
8.082631215533228053e-01
4.033298670774149164e-01
2.102223637777982379e-01
8.534508900776195395e-01
2.979003118352006041e-01
1.984259351313641950e-01
9.439844170543600921e-01
1.948100420506907460e-01
9.802408794336728848e-01
3.032829092043128894e-01
2.876614304674561806e-01
1.118886317968931232e-01
